brand,thickness,screen_size,ppi,threads,ram,touch_screen,cores,battery_capacity,battery_cell,thunderbolt,backlit,typec,processor_gen,processor_model,graphics_brand,graphics_capacity,graphics_model,business,gaming,ssd,popularity,price
2.0,0.0,14,157,4.0,8.0,0,2.0,45.5,2.0,0,0,1.0,11.0,5.0,3.0,0.0,0.0,0,0,512.0,0.0,25990
25.0,0.0,15,141,8.0,8.0,0,4.0,17.85,2.0,0,1,1.0,11.0,6.0,3.0,0.0,0.0,1,0,512.0,1.0,34990
16.0,0.0,15,141,12.0,16.0,0,8.0,51.0,3.0,1,1,1.0,12.0,6.0,3.0,4.0,0.0,0,0,512.0,1.0,49990
2.0,2.0,15,141,12.0,8.0,0,8.0,86.0,6.0,0,1,1.0,13.0,6.0,4.0,6.0,13.0,0,1,512.0,1.0,79745
2.0,0.0,15,141,12.0,16.0,0,6.0,36.0,3.0,0,0,1.0,5.0,1.0,3.0,0.0,0.0,0,0,512.0,1.0,35990
10.0,2.0,16,137,16.0,16.0,0,8.0,70.0,4.0,1,1,1.0,7.0,2.0,4.0,6.0,9.0,0,1,1024.0,0.0,92221
25.0,1.0,14,157,8.0,16.0,0,4.0,17.85,2.0,0,1,2.0,11.0,7.0,3.0,0.0,0.0,1,0,512.0,1.0,45990
10.0,1.0,15,141,4.0,8.0,0,2.0,41.0,3.0,0,0,1.0,11.0,5.0,3.0,0.0,0.0,0,0,512.0,0.0,37650
4.0,0.0,16,283,12.0,8.0,0,6.0,50.0,3.0,0,1,1.0,5.0,1.0,0.0,0.0,0.0,0,1,512.0,0.0,49990
16.0,0.0,14,157,4.0,8.0,0,2.0,50.0,3.0,0,1,1.0,11.0,5.0,3.0,0.0,0.0,0,0,512.0,0.0,28990
3.0,1.0,13,227,8.0,8.0,0,8.0,49.9,2.0,1,1,2.0,1.0,3.0,1.0,0.0,0.0,0,0,256.0,2.0,69990
10.0,2.0,15,141,12.0,8.0,1,6.0,52.5,6.0,0,1,1.0,5.0,1.0,0.0,4.0,19.0,0,1,512.0,1.0,55999
4.0,2.0,15,141,20.0,16.0,0,14.0,76.0,4.0,1,1,2.0,12.0,7.0,4.0,4.0,9.0,0,0,1024.0,1.0,85990
21.0,0.0,15,141,12.0,16.0,0,10.0,43.0,4.0,0,0,2.0,12.0,6.0,3.0,0.0,0.0,1,0,512.0,0.0,49990
7.0,2.0,15,141,16.0,16.0,0,12.0,56.0,3.0,0,1,1.0,12.0,6.0,4.0,4.0,9.0,0,1,512.0,1.0,67190
10.0,1.0,15,141,12.0,16.0,0,6.0,50.0,3.0,0,1,1.0,5.0,1.0,0.0,0.0,0.0,0,0,512.0,1.0,45990
2.0,0.0,14,135,8.0,16.0,0,4.0,45.5,2.0,0,0,1.0,11.0,6.0,3.0,0.0,0.0,0,0,512.0,0.0,34990
2.0,2.0,15,141,12.0,16.0,0,8.0,50.0,3.0,1,1,1.0,12.0,6.0,4.0,4.0,0.0,0,0,512.0,0.0,59990
4.0,0.0,15,141,16.0,16.0,0,12.0,70.0,3.0,1,1,2.0,12.0,6.0,3.0,0.0,0.0,0,0,512.0,1.0,58990
4.0,2.0,15,141,12.0,8.0,0,6.0,90.0,3.0,1,1,1.0,11.0,6.0,4.0,4.0,7.0,0,1,512.0,1.0,57990
10.0,2.0,16,137,12.0,16.0,0,6.0,70.0,4.0,0,1,1.0,11.0,6.0,4.0,4.0,1.0,0,1,512.0,0.0,62990
21.0,0.0,15,141,12.0,8.0,0,10.0,43.0,4.0,0,0,2.0,12.0,6.0,3.0,0.0,0.0,1,0,512.0,0.0,44990
10.0,1.0,15,141,8.0,8.0,0,6.0,41.0,3.0,0,1,1.0,12.0,5.0,3.0,0.0,0.0,0,0,512.0,0.0,41990
2.0,2.0,15,141,12.0,16.0,0,8.0,86.0,6.0,0,1,1.0,13.0,6.0,4.0,6.0,13.0,0,1,512.0,1.0,79990
4.0,0.0,15,141,16.0,16.0,0,10.0,42.0,3.0,0,1,1.0,12.0,7.0,3.0,0.0,0.0,0,0,512.0,0.0,64990
2.0,1.0,14,243,16.0,16.0,0,12.0,50.0,3.0,1,1,2.0,12.0,6.0,3.0,0.0,0.0,0,0,512.0,0.0,62990
15.0,0.0,15,141,12.0,16.0,0,10.0,50.0,3.0,0,1,2.0,12.0,7.0,3.0,0.0,0.0,0,0,512.0,1.0,59990
4.0,2.0,15,141,16.0,16.0,0,8.0,90.0,4.0,1,1,1.0,11.0,7.0,4.0,4.0,9.0,0,1,1024.0,1.0,80980
10.0,1.0,14,157,8.0,8.0,0,8.0,41.0,3.0,0,0,1.0,13.0,5.0,3.0,0.0,0.0,0,0,512.0,1.0,38490
4.0,0.0,16,283,16.0,16.0,0,8.0,50.0,3.0,0,1,1.0,5.0,1.0,0.0,0.0,0.0,0,0,512.0,1.0,61990
13.0,1.0,14,157,12.0,16.0,0,10.0,50.0,3.0,0,1,2.0,12.0,6.0,3.0,0.0,0.0,0,0,512.0,0.0,37990
15.0,2.0,16,236,20.0,32.0,0,14.0,99.0,3.0,1,1,2.0,13.0,8.0,4.0,8.0,14.0,0,1,1024.0,1.0,148990
10.0,2.0,15,141,12.0,16.0,0,8.0,70.0,4.0,0,1,1.0,12.0,6.0,4.0,4.0,9.0,0,1,512.0,1.0,71960
11.0,1.0,14,162,12.0,16.0,0,8.0,60.0,2.0,0,1,1.0,12.0,6.0,3.0,0.0,0.0,0,0,512.0,0.0,46990
25.0,0.0,15,141,8.0,8.0,0,4.0,17.85,2.0,0,1,1.0,11.0,5.0,3.0,0.0,0.0,1,0,256.0,1.0,25990
2.0,0.0,15,141,12.0,16.0,0,8.0,50.0,3.0,0,1,1.0,12.0,6.0,4.0,4.0,1.0,0,0,512.0,0.0,49990
16.0,0.0,15,141,16.0,16.0,0,8.0,50.0,3.0,0,1,1.0,11.0,7.0,4.0,4.0,9.0,0,0,512.0,0.0,63990
16.0,0.0,15,141,16.0,16.0,0,8.0,52.4,3.0,0,1,1.0,11.0,7.0,4.0,4.0,9.0,0,1,512.0,0.0,64990
7.0,0.0,15,141,8.0,8.0,0,6.0,41.0,3.0,0,0,0.0,12.0,5.0,3.0,0.0,0.0,0,0,512.0,0.0,37516
4.0,0.0,16,142,12.0,16.0,0,6.0,50.0,3.0,0,1,1.0,5.0,1.0,0.0,0.0,0.0,0,1,512.0,1.0,53981
10.0,0.0,14,112,12.0,8.0,0,2.0,38.0,2.0,0,0,1.0,7.0,0.0,0.0,0.0,0.0,0,0,512.0,0.0,22980
26.0,1.0,15,242,8.0,16.0,0,4.0,38.0,2.0,1,1,1.0,11.0,6.0,3.0,0.0,0.0,0,0,512.0,2.0,46990
15.0,1.0,14,141,12.0,16.0,0,8.0,56.6,2.0,0,1,2.0,12.0,6.0,3.0,0.0,0.0,0,0,512.0,1.0,56990
13.0,2.0,14,157,8.0,8.0,0,6.0,50.0,3.0,0,1,2.0,12.0,5.0,3.0,0.0,0.0,0,0,512.0,1.0,29990
4.0,2.0,16,142,16.0,16.0,0,10.0,72.0,4.0,1,1,1.0,13.0,6.0,4.0,6.0,9.0,0,1,512.0,1.0,89990
4.0,0.0,15,141,16.0,8.0,0,12.0,42.0,3.0,0,1,1.0,12.0,6.0,3.0,0.0,0.0,0,0,512.0,1.0,55990
2.0,0.0,15,141,4.0,8.0,0,2.0,36.0,3.0,0,0,1.0,11.0,5.0,3.0,0.0,0.0,0,0,512.0,1.0,27990
2.0,0.0,14,157,4.0,8.0,0,2.0,45.5,2.0,0,0,1.0,11.0,5.0,3.0,0.0,0.0,0,0,256.0,0.0,24990
2.0,0.0,14,135,8.0,8.0,0,4.0,45.5,2.0,0,0,1.0,11.0,6.0,3.0,0.0,0.0,0,0,512.0,0.0,32990
10.0,1.0,15,100,12.0,8.0,0,6.0,41.0,3.0,0,0,1.0,5.0,1.0,0.0,0.0,0.0,0,0,512.0,1.0,36850
15.0,0.0,15,147,12.0,8.0,0,6.0,38.0,2.0,0,0,1.0,5.0,1.0,0.0,0.0,0.0,0,0,512.0,1.0,36990
7.0,2.0,15,141,16.0,8.0,0,12.0,41.0,3.0,0,1,1.0,12.0,6.0,4.0,4.0,9.0,0,1,512.0,0.0,67990
15.0,0.0,14,157,2.0,8.0,0,2.0,38.0,2.0,0,0,1.0,7.0,0.0,0.0,0.0,0.0,0,0,256.0,1.0,18990
7.0,2.0,15,147,4.0,8.0,0,2.0,50.0,3.0,0,1,0.0,11.0,5.0,3.0,0.0,0.0,0,0,512.0,0.0,35980
10.0,2.0,16,137,16.0,16.0,0,8.0,70.0,4.0,0,1,1.0,7.0,2.0,4.0,6.0,9.0,0,1,512.0,1.0,80990
10.0,2.0,15,141,12.0,8.0,0,10.0,41.0,3.0,0,0,1.0,12.0,6.0,3.0,0.0,0.0,0,0,512.0,1.0,53999
15.0,1.0,16,141,12.0,16.0,0,8.0,56.6,3.0,0,1,2.0,12.0,6.0,3.0,0.0,0.0,0,0,512.0,1.0,58989
16.0,2.0,15,141,20.0,16.0,0,14.0,53.5,3.0,0,1,1.0,13.0,8.0,4.0,8.0,14.0,0,0,1024.0,1.0,126990
2.0,0.0,15,141,8.0,16.0,0,4.0,36.0,3.0,0,0,1.0,11.0,6.0,3.0,0.0,0.0,0,0,512.0,1.0,42999
7.0,0.0,14,141,16.0,16.0,0,12.0,54.0,4.0,0,1,1.0,13.0,7.0,3.0,0.0,0.0,0,0,1024.0,1.0,84499
13.0,1.0,14,157,4.0,8.0,0,2.0,50.0,2.0,0,1,2.0,11.0,5.0,3.0,0.0,0.0,0,0,256.0,0.0,30990
10.0,1.0,15,141,16.0,16.0,0,12.0,41.0,3.0,0,1,1.0,13.0,6.0,3.0,0.0,0.0,0,0,512.0,1.0,74990
10.0,2.0,16,137,12.0,16.0,0,6.0,70.0,4.0,0,1,1.0,11.0,6.0,4.0,4.0,1.0,0,1,512.0,0.0,62750
4.0,0.0,15,141,12.0,16.0,0,6.0,50.0,3.0,0,1,1.0,5.0,1.0,4.0,4.0,9.0,0,1,512.0,0.0,65990
18.0,0.0,11,135,12.0,4.0,0,8.0,38.0,2.0,0,0,0.0,7.0,2.0,2.0,0.0,0.0,0,0,64.0,0.0,11990
2.0,1.0,15,141,16.0,16.0,0,12.0,50.0,3.0,1,1,2.0,12.0,6.0,4.0,4.0,7.0,0,1,512.0,0.0,49990
7.0,2.0,15,141,16.0,16.0,0,12.0,56.0,3.0,0,1,0.0,12.0,6.0,4.0,4.0,9.0,0,1,512.0,0.0,72990
4.0,0.0,15,141,4.0,8.0,0,2.0,37.0,2.0,0,1,1.0,11.0,5.0,3.0,0.0,0.0,0,0,256.0,1.0,29990
2.0,2.0,16,142,32.0,16.0,0,24.0,90.0,4.0,1,1,2.0,13.0,8.0,4.0,8.0,15.0,0,0,1024.0,1.0,144990
4.0,0.0,14,243,20.0,16.0,0,14.0,63.0,3.0,0,1,1.0,13.0,8.0,4.0,4.0,9.0,0,0,1024.0,1.0,109990
10.0,2.0,15,137,16.0,16.0,0,10.0,70.0,4.0,0,1,1.0,12.0,7.0,4.0,4.0,9.0,0,1,1024.0,1.0,87990
4.0,2.0,17,170,16.0,16.0,0,8.0,56.0,4.0,0,1,2.0,6.0,2.0,4.0,4.0,9.0,0,1,512.0,1.0,88990
10.0,2.0,15,141,12.0,16.0,0,6.0,52.5,3.0,0,1,1.0,5.0,1.0,0.0,4.0,19.0,0,1,512.0,1.0,56990
16.0,0.0,15,141,12.0,16.0,0,6.0,50.0,3.0,1,1,1.0,11.0,6.0,4.0,4.0,1.0,0,0,512.0,1.0,48990
15.0,2.0,15,184,12.0,16.0,0,8.0,60.0,3.0,1,1,1.0,12.0,6.0,4.0,6.0,9.0,0,1,512.0,0.0,93050
15.0,2.0,15,184,12.0,8.0,0,8.0,60.0,3.0,1,1,1.0,13.0,6.0,4.0,8.0,14.0,0,1,512.0,1.0,89999
24.0,1.0,14,156,2.0,4.0,0,2.0,18.5,2.0,0,0,0.0,7.0,2.0,3.0,0.0,0.0,0,0,256.0,1.0,13990
4.0,2.0,15,141,16.0,8.0,0,12.0,90.0,4.0,1,1,1.0,12.0,6.0,4.0,4.0,9.0,0,0,512.0,1.0,76990
15.0,1.0,15,100,2.0,8.0,0,2.0,38.0,2.0,0,1,1.0,7.0,2.0,0.0,0.0,0.0,0,0,512.0,1.0,23990
13.0,1.0,14,157,4.0,8.0,0,2.0,50.0,2.0,0,1,2.0,11.0,5.0,3.0,0.0,0.0,0,0,512.0,0.0,23990
2.0,2.0,15,188,16.0,16.0,0,10.0,57.5,4.0,0,1,1.0,12.0,7.0,4.0,8.0,11.0,0,1,1024.0,0.0,97989
4.0,2.0,15,141,20.0,16.0,0,14.0,90.0,4.0,1,1,2.0,12.0,7.0,4.0,8.0,14.0,0,0,512.0,1.0,109990
4.0,0.0,15,141,12.0,8.0,0,10.0,42.0,3.0,0,1,1.0,12.0,6.0,3.0,0.0,0.0,0,0,512.0,1.0,47741
4.0,1.0,15,212,16.0,16.0,0,12.0,72.0,4.0,1,1,1.0,13.0,6.0,3.0,0.0,0.0,0,0,512.0,1.0,75990
16.0,2.0,15,141,16.0,16.0,0,8.0,53.5,3.0,0,1,1.0,5.0,1.0,0.0,4.0,19.0,0,0,512.0,0.0,59990
3.0,1.0,15,224,8.0,8.0,0,8.0,66.5,4.0,1,1,2.0,2.0,4.0,1.0,0.0,0.0,0,0,256.0,1.0,126990
13.0,0.0,15,141,4.0,8.0,0,4.0,40.0,2.0,0,1,2.0,11.0,1.0,3.0,0.0,0.0,0,0,512.0,2.0,23990
4.0,0.0,15,141,16.0,16.0,0,8.0,50.0,3.0,0,1,1.0,5.0,1.0,4.0,4.0,9.0,0,1,512.0,1.0,69990
2.0,0.0,15,141,8.0,8.0,0,4.0,40.0,3.0,0,0,1.0,7.0,0.0,0.0,0.0,0.0,0,0,512.0,0.0,33999
2.0,1.0,15,141,12.0,12.0,0,10.0,50.0,3.0,1,1,1.0,12.0,6.0,3.0,0.0,0.0,0,1,512.0,1.0,47990
26.0,1.0,14,215,12.0,16.0,0,8.0,38.0,2.0,1,1,1.0,12.0,6.0,4.0,2.0,5.0,0,0,512.0,1.0,59990
2.0,2.0,15,141,16.0,16.0,0,8.0,72.0,4.0,1,1,1.0,12.0,6.0,4.0,4.0,9.0,0,1,512.0,0.0,69990
13.0,1.0,14,157,8.0,16.0,0,4.0,50.0,2.0,0,1,2.0,11.0,6.0,3.0,0.0,0.0,0,0,1024.0,1.0,37990
7.0,1.0,15,145,12.0,16.0,0,6.0,86.0,6.0,1,1,3.0,10.0,7.0,4.0,4.0,0.0,0,0,512.0,1.0,184999
15.0,0.0,16,236,20.0,16.0,0,14.0,99.9,4.0,1,1,2.0,13.0,8.0,4.0,8.0,15.0,0,1,1024.0,1.0,177990
7.0,0.0,15,141,12.0,8.0,0,10.0,41.0,3.0,0,1,0.0,12.0,6.0,3.0,0.0,0.0,0,0,512.0,1.0,51487
4.0,2.0,16,142,16.0,16.0,0,10.0,72.0,4.0,1,1,1.0,13.0,6.0,4.0,6.0,9.0,0,1,1024.0,1.0,94990
22.0,1.0,14,156,8.0,8.0,0,4.0,38.0,2.0,0,0,1.0,10.0,6.0,3.0,0.0,0.0,0,0,512.0,1.0,25990
13.0,1.0,14,157,12.0,16.0,0,10.0,50.0,3.0,0,1,2.0,12.0,7.0,3.0,0.0,0.0,0,0,512.0,1.0,47990
16.0,0.0,15,141,12.0,8.0,0,6.0,50.0,3.0,1,1,1.0,11.0,6.0,4.0,4.0,1.0,0,0,512.0,1.0,45990
16.0,0.0,15,141,12.0,16.0,0,6.0,52.4,3.0,1,1,1.0,11.0,6.0,4.0,4.0,9.0,0,0,512.0,1.0,55990
4.0,2.0,14,162,16.0,16.0,1,8.0,70.0,3.0,0,1,1.0,5.0,1.0,0.0,0.0,0.0,0,0,1024.0,1.0,70500
4.0,0.0,14,162,12.0,16.0,1,6.0,70.0,3.0,0,1,1.0,5.0,1.0,0.0,0.0,0.0,0,0,1024.0,1.0,65500
15.0,0.0,15,141,8.0,4.0,0,4.0,50.0,3.0,0,0,1.0,4.0,0.0,3.0,0.0,0.0,0,0,256.0,1.0,40500
15.0,2.0,14,157,16.0,16.0,0,8.0,50.0,3.0,0,0,2.0,4.0,1.0,0.0,0.0,0.0,1,0,512.0,1.0,90000
16.0,0.0,15,141,8.0,8.0,0,4.0,50.0,3.0,0,1,1.0,11.0,6.0,3.0,0.0,0.0,0,0,512.0,1.0,36990
16.0,0.0,15,141,4.0,8.0,0,2.0,50.0,3.0,0,1,1.0,11.0,5.0,3.0,0.0,0.0,0,0,512.0,1.0,29990
15.0,2.0,15,141,12.0,16.0,0,6.0,60.0,4.0,0,1,1.0,6.0,1.0,4.0,4.0,9.0,0,1,512.0,1.0,62990
15.0,0.0,15,157,8.0,8.0,0,6.0,45.0,3.0,0,0,1.0,12.0,5.0,3.0,0.0,0.0,0,0,512.0,1.0,40990
15.0,0.0,15,141,8.0,8.0,0,4.0,45.0,3.0,1,1,2.0,7.0,0.0,0.0,0.0,0.0,0,0,512.0,1.0,34499
16.0,0.0,14,157,8.0,16.0,0,4.0,50.0,3.0,0,1,1.0,11.0,6.0,3.0,0.0,0.0,0,0,512.0,0.0,38990
4.0,2.0,15,141,16.0,16.0,0,12.0,90.0,4.0,1,1,2.0,12.0,6.0,4.0,4.0,9.0,0,0,512.0,1.0,85990
15.0,1.0,15,141,8.0,8.0,0,4.0,42.0,3.0,0,1,1.0,7.0,1.0,0.0,0.0,0.0,0,0,512.0,1.0,66290
15.0,0.0,15,141,12.0,16.0,0,8.0,60.0,6.0,0,1,1.0,12.0,6.0,4.0,4.0,9.0,0,1,512.0,0.0,67990
4.0,0.0,14,157,4.0,16.0,0,2.0,38.0,2.0,0,0,1.0,11.0,5.0,3.0,0.0,0.0,0,0,512.0,0.0,42990
15.0,2.0,15,141,12.0,8.0,0,6.0,60.0,4.0,0,1,1.0,6.0,1.0,4.0,4.0,9.0,0,1,512.0,1.0,54990
10.0,1.0,15,157,12.0,8.0,0,6.0,41.0,3.0,0,1,1.0,5.0,1.0,0.0,0.0,0.0,0,0,512.0,1.0,52290
4.0,1.0,15,212,20.0,16.0,0,14.0,72.0,4.0,1,1,1.0,13.0,8.0,3.0,0.0,0.0,0,0,1024.0,1.0,109990
11.0,1.0,16,142,12.0,16.0,0,8.0,60.0,2.0,0,1,1.0,12.0,6.0,3.0,0.0,0.0,0,0,512.0,0.0,48990
4.0,0.0,14,162,16.0,16.0,0,12.0,70.0,3.0,0,1,2.0,12.0,6.0,3.0,0.0,0.0,0,0,512.0,0.0,58990
16.0,0.0,14,157,8.0,8.0,0,4.0,50.0,3.0,0,1,1.0,11.0,6.0,3.0,0.0,0.0,0,0,512.0,0.0,35990
16.0,2.0,17,255,32.0,64.0,0,24.0,99.0,4.0,0,1,2.0,13.0,8.0,4.0,16.0,17.0,0,1,4096.0,1.0,569990
2.0,0.0,15,141,8.0,8.0,0,4.0,40.0,3.0,0,0,1.0,7.0,1.0,0.0,0.0,0.0,0,0,512.0,0.0,34990
2.0,1.0,15,141,12.0,8.0,0,8.0,50.0,3.0,1,1,1.0,13.0,6.0,3.0,0.0,0.0,0,0,512.0,1.0,62990
3.0,1.0,16,254,8.0,32.0,0,12.0,100.0,6.0,1,1,3.0,2.0,4.0,1.0,0.0,0.0,0,0,1024.0,1.0,322490
21.0,0.0,14,157,16.0,8.0,0,12.0,72.0,4.0,0,1,2.0,13.0,6.0,3.0,0.0,0.0,1,0,512.0,1.0,69990
15.0,2.0,15,141,8.0,8.0,0,4.0,45.0,3.0,0,1,1.0,5.0,1.0,4.0,4.0,7.0,0,1,512.0,1.0,57990
10.0,0.0,14,112,8.0,8.0,0,4.0,41.0,3.0,0,0,1.0,5.0,0.0,0.0,0.0,0.0,0,0,512.0,0.0,25999
11.0,1.0,14,141,12.0,8.0,0,6.0,50.0,3.0,0,1,1.0,5.0,1.0,0.0,0.0,0.0,0,0,512.0,0.0,34990
15.0,0.0,15,147,8.0,8.0,0,4.0,38.0,2.0,0,0,1.0,5.0,0.0,0.0,0.0,0.0,0,0,512.0,0.0,30790
4.0,2.0,15,141,12.0,16.0,0,6.0,72.0,4.0,1,1,1.0,11.0,6.0,4.0,4.0,9.0,0,1,512.0,1.0,61990
3.0,1.0,13,224,8.0,8.0,0,8.0,52.6,2.0,1,1,2.0,2.0,4.0,1.0,0.0,0.0,0,0,256.0,0.0,94990
21.0,1.0,15,141,12.0,16.0,0,10.0,50.0,3.0,0,1,2.0,12.0,6.0,3.0,0.0,0.0,0,0,512.0,0.0,63990
4.0,2.0,11,135,2.0,4.0,0,2.0,50.0,3.0,0,0,2.0,7.0,2.0,3.0,0.0,0.0,0,0,64.0,0.0,11990
20.0,1.0,14,157,4.0,8.0,0,2.0,38.0,2.0,0,1,2.0,11.0,5.0,3.0,0.0,0.0,0,0,256.0,2.0,32990
15.0,0.0,15,141,6.0,8.0,0,5.0,47.0,3.0,0,1,0.0,13.0,5.0,3.0,0.0,0.0,1,0,512.0,1.0,44690
2.0,0.0,15,141,4.0,16.0,0,2.0,36.0,3.0,0,0,1.0,11.0,5.0,3.0,0.0,0.0,0,0,512.0,1.0,36990
15.0,1.0,14,243,16.0,16.0,1,8.0,72.0,4.0,1,1,2.0,7.0,0.0,0.0,0.0,0.0,0,0,1024.0,1.0,94990
4.0,1.0,14,323,16.0,16.0,1,12.0,63.0,3.0,1,1,2.0,12.0,6.0,3.0,0.0,0.0,0,0,512.0,1.0,74990
2.0,0.0,15,141,12.0,16.0,0,8.0,50.0,3.0,0,1,1.0,12.0,6.0,4.0,4.0,7.0,0,1,512.0,1.0,57990
15.0,2.0,16,236,32.0,32.0,0,24.0,99.0,6.0,1,1,3.0,13.0,8.0,4.0,16.0,17.0,0,1,1024.0,1.0,399999
15.0,0.0,15,157,8.0,8.0,0,6.0,50.0,3.0,0,0,1.0,12.0,5.0,3.0,0.0,0.0,0,0,512.0,1.0,34990
7.0,1.0,15,141,8.0,8.0,0,4.0,50.0,3.0,0,0,0.0,11.0,6.0,3.0,0.0,0.0,0,0,512.0,1.0,56340
4.0,2.0,15,141,16.0,16.0,0,8.0,90.0,4.0,0,1,1.0,11.0,7.0,4.0,4.0,9.0,0,1,512.0,1.0,70990
7.0,0.0,15,141,12.0,16.0,0,10.0,50.0,3.0,0,1,1.0,12.0,6.0,3.0,0.0,0.0,0,0,512.0,1.0,61990
2.0,0.0,15,141,8.0,16.0,0,4.0,40.0,3.0,0,0,1.0,7.0,1.0,0.0,0.0,0.0,0,0,512.0,1.0,48999
15.0,1.0,14,157,12.0,16.0,0,8.0,56.6,2.0,0,1,2.0,12.0,6.0,3.0,0.0,0.0,0,0,1024.0,1.0,60990
25.0,0.0,15,141,8.0,8.0,0,4.0,17.85,2.0,0,1,1.0,11.0,5.0,3.0,0.0,0.0,1,0,512.0,1.0,27990
16.0,0.0,15,141,12.0,16.0,0,6.0,52.4,3.0,1,1,1.0,11.0,6.0,4.0,4.0,7.0,0,0,512.0,1.0,54990
10.0,0.0,15,100,2.0,4.0,0,2.0,41.0,3.0,0,0,1.0,3.0,0.0,0.0,0.0,0.0,0,0,256.0,1.0,23490
10.0,2.0,16,141,16.0,16.0,0,8.0,41.0,6.0,0,1,2.0,7.0,2.0,4.0,8.0,14.0,0,1,1024.0,0.0,131254
16.0,0.0,15,141,12.0,16.0,0,6.0,52.4,3.0,0,1,1.0,12.0,6.0,4.0,4.0,7.0,0,0,512.0,1.0,51990
10.0,2.0,16,137,16.0,16.0,0,8.0,70.0,4.0,0,1,1.0,7.0,2.0,4.0,4.0,9.0,0,1,1024.0,1.0,89999
15.0,0.0,15,141,8.0,16.0,0,4.0,47.0,3.0,0,1,1.0,7.0,1.0,0.0,0.0,0.0,0,0,512.0,1.0,44990
7.0,0.0,15,141,12.0,8.0,0,10.0,41.0,3.0,0,0,1.0,13.0,6.0,3.0,0.0,0.0,0,0,512.0,1.0,62990
15.0,2.0,15,184,16.0,16.0,0,12.0,60.0,3.0,1,1,1.0,13.0,7.0,4.0,8.0,14.0,0,1,512.0,1.0,114990
2.0,1.0,15,141,8.0,16.0,0,6.0,50.0,3.0,1,1,2.0,12.0,5.0,3.0,0.0,0.0,0,1,512.0,1.0,36990
7.0,0.0,14,141,12.0,16.0,0,10.0,54.0,4.0,0,1,1.0,13.0,6.0,3.0,0.0,0.0,0,0,1024.0,1.0,71989
15.0,2.0,15,141,12.0,8.0,0,6.0,45.0,3.0,0,1,1.0,5.0,1.0,4.0,4.0,9.0,0,1,512.0,0.0,62990
10.0,0.0,15,141,12.0,16.0,1,10.0,51.0,3.0,1,1,2.0,12.0,6.0,3.0,0.0,0.0,1,0,512.0,1.0,83990
6.0,1.0,14,280,4.0,8.0,0,2.0,46.2,2.0,0,0,1.0,10.0,5.0,3.0,0.0,0.0,0,0,512.0,0.0,22490
7.0,2.0,15,141,12.0,8.0,0,6.0,41.0,3.0,0,1,1.0,5.0,1.0,0.0,0.0,0.0,0,0,512.0,1.0,42990
13.0,1.0,15,141,20.0,32.0,0,14.0,70.0,3.0,0,1,0.0,13.0,8.0,3.0,0.0,0.0,0,0,1024.0,1.0,89990
17.0,2.0,16,186,16.0,32.0,0,8.0,83.0,3.0,0,1,2.0,7.0,0.0,0.0,0.0,0.0,0,0,2048.0,1.0,56000
22.0,1.0,14,156,4.0,8.0,0,2.0,17.85,2.0,0,0,1.0,10.0,5.0,3.0,0.0,0.0,0,0,512.0,1.0,23990
2.0,2.0,15,141,16.0,16.0,0,10.0,86.0,6.0,0,1,1.0,12.0,7.0,4.0,6.0,13.0,0,1,512.0,1.0,89990
1.0,1.0,14,156,2.0,4.0,0,2.0,18.5,2.0,0,0,0.0,7.0,2.0,3.0,0.0,0.0,0,0,256.0,0.0,12989
13.0,1.0,14,157,8.0,16.0,0,4.0,50.0,2.0,0,1,2.0,11.0,6.0,3.0,0.0,0.0,0,0,512.0,1.0,34990
2.0,0.0,15,141,8.0,8.0,0,6.0,50.0,3.0,0,0,0.0,13.0,5.0,3.0,0.0,0.0,0,0,512.0,1.0,36990
26.0,0.0,14,243,16.0,8.0,0,12.0,38.0,2.0,1,1,1.0,12.0,6.0,3.0,0.0,0.0,1,0,512.0,1.0,43990
10.0,1.0,14,157,12.0,16.0,1,10.0,43.0,3.0,0,1,1.0,13.0,7.0,3.0,0.0,0.0,0,0,512.0,1.0,89500
2.0,1.0,14,243,16.0,16.0,0,12.0,65.0,4.0,0,1,2.0,13.0,6.0,3.0,0.0,0.0,0,0,512.0,1.0,64990
2.0,2.0,16,142,24.0,16.0,0,16.0,90.0,4.0,1,1,2.0,13.0,7.0,4.0,8.0,14.0,0,0,1024.0,1.0,129990
2.0,2.0,16,142,24.0,16.0,0,16.0,90.0,4.0,1,1,2.0,13.0,7.0,4.0,6.0,13.0,0,0,1024.0,1.0,114990
2.0,2.0,16,142,20.0,16.0,0,14.0,90.0,4.0,1,1,2.0,13.0,6.0,4.0,6.0,13.0,0,0,512.0,1.0,99990
10.0,1.0,15,141,8.0,8.0,0,6.0,41.0,3.0,0,1,1.0,12.0,5.0,3.0,0.0,0.0,0,0,512.0,0.0,44990
10.0,2.0,15,137,12.0,16.0,0,8.0,70.0,4.0,0,1,1.0,12.0,6.0,4.0,4.0,9.0,0,1,512.0,1.0,72799
10.0,1.0,15,100,4.0,8.0,0,2.0,41.0,3.0,0,0,1.0,11.0,5.0,3.0,0.0,0.0,1,0,512.0,1.0,35990
10.0,2.0,15,137,12.0,16.0,0,8.0,52.5,3.0,0,1,1.0,12.0,6.0,4.0,4.0,9.0,0,1,512.0,1.0,75999
4.0,0.0,14,162,16.0,16.0,1,8.0,50.0,3.0,0,1,1.0,5.0,1.0,0.0,0.0,0.0,0,0,512.0,1.0,69990
4.0,0.0,14,162,16.0,8.0,0,12.0,70.0,3.0,0,1,2.0,12.0,6.0,3.0,0.0,0.0,0,0,512.0,0.0,56990
4.0,1.0,15,141,8.0,16.0,0,4.0,38.0,2.0,0,1,1.0,7.0,1.0,0.0,0.0,0.0,0,0,512.0,1.0,49990
2.0,0.0,15,141,8.0,8.0,0,8.0,40.0,3.0,0,0,1.0,12.0,5.0,3.0,0.0,0.0,0,0,512.0,0.0,32990
2.0,2.0,15,141,12.0,8.0,0,6.0,57.0,4.0,1,1,1.0,7.0,0.0,4.0,4.0,9.0,0,0,512.0,1.0,64990
4.0,1.0,15,141,8.0,16.0,0,4.0,45.0,2.0,0,0,1.0,7.0,1.0,0.0,0.0,0.0,0,0,512.0,1.0,44990
4.0,1.0,15,141,8.0,8.0,0,4.0,38.0,2.0,0,1,1.0,7.0,0.0,0.0,0.0,0.0,0,0,512.0,0.0,39990
15.0,0.0,14,157,8.0,8.0,0,6.0,38.0,2.0,0,1,1.0,12.0,5.0,3.0,0.0,0.0,0,0,512.0,1.0,39990
16.0,0.0,17,255,20.0,32.0,0,14.0,72.0,4.0,1,1,2.0,12.0,8.0,4.0,16.0,0.0,0,1,2048.0,1.0,308990
13.0,0.0,15,141,4.0,8.0,0,2.0,50.0,2.0,0,1,2.0,10.0,5.0,3.0,0.0,0.0,0,0,512.0,0.0,26990
13.0,0.0,15,141,4.0,8.0,0,2.0,50.0,2.0,0,1,2.0,10.0,5.0,3.0,0.0,0.0,0,0,256.0,2.0,26990
10.0,1.0,15,141,4.0,8.0,0,2.0,41.0,3.0,0,1,1.0,11.0,5.0,3.0,0.0,0.0,0,0,512.0,0.0,37990
10.0,1.0,15,141,8.0,8.0,0,4.0,41.0,3.0,0,1,1.0,11.0,6.0,3.0,0.0,0.0,0,0,512.0,2.0,51990
4.0,0.0,16,283,12.0,16.0,0,6.0,50.0,3.0,0,1,1.0,5.0,1.0,0.0,0.0,0.0,0,1,512.0,1.0,53990
7.0,0.0,14,112,12.0,8.0,0,10.0,72.0,4.0,0,1,1.0,12.0,6.0,3.0,0.0,0.0,0,0,512.0,1.0,108000
7.0,0.0,15,147,8.0,8.0,0,4.0,41.0,3.0,0,0,1.0,7.0,1.0,0.0,0.0,0.0,0,0,512.0,1.0,44550
10.0,0.0,16,142,12.0,16.0,0,10.0,51.0,3.0,0,1,2.0,12.0,7.0,3.0,0.0,0.0,0,0,1024.0,1.0,143000
2.0,0.0,15,141,8.0,8.0,0,6.0,50.0,3.0,1,1,1.0,13.0,5.0,3.0,0.0,0.0,0,0,512.0,1.0,42990
7.0,0.0,17,266,20.0,32.0,1,14.0,97.0,6.0,1,1,4.0,13.0,8.0,4.0,8.0,15.0,0,0,1024.0,1.0,354490
15.0,0.0,15,141,8.0,8.0,0,6.0,38.0,2.0,0,0,1.0,12.0,5.0,3.0,0.0,0.0,0,0,512.0,1.0,33900
10.0,1.0,15,141,16.0,16.0,0,8.0,50.0,3.0,0,1,1.0,7.0,0.0,0.0,0.0,0.0,0,0,512.0,1.0,66999
7.0,1.0,16,138,12.0,16.0,0,10.0,54.0,4.0,0,1,1.0,13.0,7.0,3.0,12.0,0.0,0,0,512.0,1.0,89990
15.0,0.0,15,147,8.0,8.0,0,4.0,38.0,2.0,0,0,1.0,7.0,0.0,0.0,0.0,0.0,0,0,512.0,1.0,31990
15.0,2.0,16,184,20.0,32.0,0,14.0,50.0,3.0,1,1,2.0,13.0,7.0,4.0,16.0,17.0,0,1,1024.0,1.0,172990
16.0,0.0,16,283,20.0,32.0,0,14.0,99.9,4.0,0,1,2.0,13.0,8.0,4.0,8.0,15.0,0,0,1024.0,1.0,292990
2.0,0.0,15,141,12.0,8.0,0,8.0,50.0,3.0,1,1,1.0,12.0,6.0,4.0,4.0,1.0,0,1,512.0,0.0,47990
10.0,1.0,15,141,16.0,16.0,0,12.0,41.0,3.0,0,1,1.0,13.0,6.0,3.0,0.0,0.0,0,0,512.0,1.0,66150
4.0,2.0,15,141,16.0,16.0,0,8.0,72.0,4.0,1,1,2.0,7.0,2.0,4.0,6.0,13.0,0,1,1024.0,1.0,131990
4.0,2.0,16,189,32.0,16.0,0,24.0,72.0,4.0,1,1,2.0,13.0,8.0,4.0,8.0,14.0,0,1,1024.0,1.0,179990
4.0,0.0,16,142,12.0,16.0,0,8.0,63.0,3.0,0,1,1.0,12.0,6.0,4.0,4.0,9.0,0,0,512.0,0.0,79990
10.0,1.0,15,141,8.0,8.0,0,6.0,50.0,3.0,0,1,1.0,12.0,5.0,3.0,0.0,0.0,0,0,512.0,1.0,41490
16.0,2.0,15,141,12.0,16.0,0,8.0,53.5,3.0,0,1,1.0,12.0,6.0,4.0,6.0,9.0,0,0,512.0,1.0,76990
4.0,0.0,14,162,16.0,16.0,0,12.0,50.0,3.0,0,1,1.0,13.0,6.0,4.0,4.0,7.0,0,0,512.0,1.0,79990
4.0,0.0,16,283,16.0,16.0,0,12.0,50.0,3.0,0,1,1.0,13.0,6.0,4.0,4.0,9.0,0,1,512.0,1.0,87990
4.0,2.0,17,127,12.0,8.0,0,6.0,48.0,3.0,1,1,1.0,11.0,6.0,4.0,4.0,7.0,0,1,512.0,0.0,59519
4.0,2.0,15,141,12.0,16.0,0,6.0,48.0,4.0,1,1,1.0,11.0,6.0,4.0,4.0,7.0,0,1,512.0,1.0,61990
10.0,2.0,15,137,12.0,8.0,0,6.0,52.5,3.0,0,1,1.0,5.0,1.0,4.0,4.0,1.0,0,1,512.0,1.0,54990
4.0,0.0,16,236,20.0,16.0,0,14.0,96.0,6.0,1,1,2.0,13.0,8.0,4.0,6.0,13.0,0,0,1024.0,1.0,159990
20.0,1.0,14,185,8.0,8.0,0,4.0,38.0,2.0,1,1,2.0,11.0,6.0,3.0,0.0,0.0,0,0,512.0,0.0,40990
10.0,2.0,15,141,20.0,16.0,0,14.0,70.0,4.0,0,1,1.0,13.0,7.0,4.0,6.0,13.0,0,1,512.0,1.0,109990
2.0,2.0,15,141,16.0,16.0,0,8.0,57.0,4.0,0,1,1.0,7.0,0.0,4.0,4.0,9.0,0,0,512.0,1.0,84000
4.0,0.0,15,141,16.0,16.0,0,12.0,50.0,3.0,0,1,1.0,13.0,6.0,3.0,0.0,0.0,0,0,512.0,1.0,64990
15.0,1.0,15,141,2.0,8.0,0,2.0,38.0,2.0,0,0,1.0,7.0,2.0,3.0,0.0,0.0,0,0,256.0,0.0,24551
11.0,1.0,15,141,12.0,16.0,0,6.0,56.0,3.0,0,1,1.0,5.0,1.0,0.0,0.0,0.0,0,0,512.0,0.0,40990
10.0,0.0,15,141,12.0,8.0,0,6.0,41.0,3.0,0,0,1.0,5.0,1.0,0.0,0.0,0.0,0,0,512.0,0.0,41490
10.0,0.0,15,141,8.0,8.0,0,4.0,41.0,3.0,0,0,1.0,7.0,1.0,0.0,0.0,0.0,0,0,512.0,1.0,45790
10.0,2.0,15,137,12.0,8.0,0,6.0,52.5,3.0,0,1,1.0,5.0,1.0,0.0,4.0,19.0,0,1,512.0,1.0,56990
10.0,1.0,14,157,8.0,8.0,0,6.0,41.0,3.0,0,1,1.0,12.0,5.0,3.0,0.0,0.0,0,0,512.0,0.0,42990
4.0,0.0,16,283,32.0,32.0,0,16.0,90.0,4.0,1,1,2.0,7.0,1.0,4.0,16.0,17.0,0,1,2048.0,1.0,429990
2.0,0.0,15,141,8.0,8.0,0,8.0,40.0,3.0,0,0,1.0,12.0,5.0,3.0,0.0,0.0,0,0,256.0,0.0,30990
16.0,2.0,15,141,16.0,16.0,0,10.0,53.5,3.0,0,1,1.0,13.0,7.0,4.0,8.0,14.0,0,0,1024.0,1.0,116990
10.0,2.0,15,137,12.0,16.0,0,8.0,52.5,3.0,0,1,1.0,12.0,6.0,4.0,4.0,1.0,0,1,512.0,1.0,67990
21.0,1.0,15,157,12.0,16.0,0,10.0,54.0,3.0,0,1,2.0,13.0,7.0,3.0,0.0,0.0,1,0,512.0,0.0,89990
21.0,1.0,15,157,12.0,16.0,0,10.0,54.0,3.0,0,1,2.0,13.0,6.0,3.0,0.0,0.0,1,0,512.0,0.0,76990
4.0,0.0,15,141,12.0,8.0,0,10.0,50.0,3.0,0,1,1.0,12.0,5.0,3.0,0.0,0.0,0,0,512.0,0.0,42990
16.0,2.0,17,127,20.0,16.0,0,14.0,90.0,4.0,0,1,1.0,13.0,7.0,4.0,8.0,15.0,0,0,1024.0,1.0,154990
21.0,1.0,16,157,20.0,32.0,0,14.0,72.0,4.0,1,1,2.0,13.0,8.0,4.0,16.0,15.0,1,0,1024.0,1.0,281990
15.0,0.0,15,157,12.0,16.0,0,6.0,65.0,2.0,0,1,1.0,5.0,1.0,0.0,0.0,0.0,0,0,512.0,2.0,46990
21.0,1.0,16,212,16.0,16.0,1,12.0,76.0,4.0,1,1,2.0,13.0,7.0,3.0,0.0,0.0,0,0,512.0,1.0,163990
21.0,1.0,15,141,16.0,16.0,1,12.0,68.0,2.0,1,1,2.0,13.0,7.0,3.0,0.0,0.0,0,0,1024.0,1.0,138990
21.0,1.0,13,166,12.0,16.0,1,10.0,61.0,2.0,1,1,2.0,13.0,7.0,3.0,0.0,0.0,0,0,512.0,1.0,109990
4.0,0.0,15,141,4.0,8.0,0,2.0,37.0,2.0,0,1,1.0,11.0,5.0,3.0,0.0,0.0,0,0,512.0,1.0,34000
18.0,0.0,11,135,12.0,4.0,0,8.0,38.0,2.0,0,0,0.0,7.0,2.0,2.0,0.0,0.0,0,0,128.0,0.0,12990
10.0,2.0,15,137,12.0,8.0,0,6.0,52.5,3.0,0,1,1.0,5.0,1.0,0.0,4.0,19.0,0,1,512.0,1.0,56490
10.0,1.0,15,141,16.0,16.0,0,12.0,41.0,3.0,0,1,1.0,12.0,6.0,3.0,0.0,0.0,1,0,512.0,0.0,67990
3.0,1.0,14,254,8.0,16.0,0,10.0,70.0,4.0,1,1,3.0,2.0,4.0,1.0,0.0,0.0,0,0,512.0,1.0,199900
10.0,1.0,13,255,12.0,16.0,1,10.0,72.0,4.0,1,1,2.0,12.0,6.0,3.0,0.0,0.0,0,0,512.0,1.0,84844
2.0,0.0,15,141,16.0,16.0,0,12.0,50.0,3.0,1,1,1.0,12.0,6.0,4.0,4.0,9.0,0,0,512.0,1.0,69000
10.0,1.0,14,141,12.0,16.0,0,10.0,43.0,3.0,0,1,1.0,12.0,6.0,3.0,0.0,0.0,0,0,512.0,0.0,65439
15.0,1.0,14,157,12.0,8.0,0,10.0,45.0,3.0,0,1,1.0,12.0,6.0,3.0,0.0,0.0,0,0,512.0,1.0,59990
15.0,0.0,14,157,12.0,8.0,0,10.0,50.0,3.0,0,1,1.0,12.0,6.0,3.0,0.0,0.0,1,0,512.0,1.0,67990
7.0,0.0,15,141,12.0,8.0,0,10.0,41.0,3.0,1,0,0.0,12.0,6.0,3.0,0.0,0.0,0,0,512.0,1.0,54990
4.0,0.0,14,157,16.0,16.0,1,12.0,42.0,3.0,0,1,1.0,12.0,6.0,3.0,0.0,0.0,0,0,512.0,1.0,62990
16.0,2.0,16,191,20.0,16.0,0,14.0,53.5,3.0,0,1,1.0,12.0,7.0,4.0,4.0,0.0,0,0,1024.0,1.0,86800
4.0,0.0,11,135,2.0,4.0,0,2.0,50.0,3.0,0,1,2.0,7.0,2.0,3.0,0.0,0.0,0,0,32.0,2.0,16990
4.0,0.0,15,141,12.0,16.0,0,8.0,50.0,3.0,0,1,1.0,12.0,6.0,4.0,4.0,9.0,0,0,512.0,0.0,86990
2.0,0.0,14,112,4.0,8.0,0,2.0,50.0,3.0,0,0,1.0,3.0,0.0,0.0,0.0,0.0,0,0,256.0,0.0,23990
4.0,0.0,15,141,12.0,16.0,0,8.0,50.0,3.0,0,1,0.0,12.0,6.0,4.0,4.0,9.0,0,0,512.0,1.0,79990
4.0,0.0,16,283,20.0,16.0,0,14.0,90.0,4.0,1,1,2.0,12.0,7.0,4.0,6.0,10.0,0,0,1024.0,1.0,179990
4.0,2.0,15,141,16.0,16.0,0,8.0,72.0,4.0,0,1,2.0,6.0,2.0,4.0,6.0,10.0,0,1,1024.0,1.0,104990
10.0,1.0,15,141,12.0,8.0,0,10.0,50.0,3.0,0,1,1.0,12.0,6.0,3.0,0.0,0.0,0,0,512.0,0.0,55990
10.0,1.0,15,141,4.0,8.0,0,2.0,41.0,3.0,0,0,1.0,11.0,5.0,3.0,0.0,0.0,0,0,512.0,0.0,41990
10.0,0.0,15,141,12.0,8.0,0,10.0,41.0,3.0,0,1,1.0,12.0,6.0,3.0,0.0,0.0,0,0,512.0,2.0,54990
10.0,1.0,15,141,12.0,16.0,0,6.0,41.0,3.0,0,1,1.0,5.0,1.0,0.0,0.0,0.0,0,0,512.0,0.0,46199
10.0,2.0,15,137,12.0,8.0,0,6.0,52.5,4.0,0,1,1.0,5.0,1.0,4.0,4.0,1.0,0,1,512.0,1.0,56690
10.0,2.0,15,137,12.0,8.0,0,8.0,70.0,4.0,0,1,1.0,12.0,6.0,4.0,4.0,9.0,0,1,512.0,1.0,67536
4.0,2.0,15,141,12.0,8.0,0,6.0,72.0,4.0,0,1,1.0,11.0,6.0,4.0,4.0,9.0,0,1,512.0,1.0,58990
7.0,1.0,14,157,8.0,8.0,0,4.0,50.0,3.0,0,0,0.0,11.0,6.0,3.0,0.0,0.0,0,0,512.0,0.0,45990
2.0,1.0,15,141,16.0,8.0,0,12.0,50.0,3.0,1,1,1.0,12.0,6.0,4.0,4.0,7.0,0,0,512.0,0.0,52128
16.0,0.0,15,141,16.0,8.0,0,8.0,51.0,3.0,0,1,1.0,11.0,7.0,4.0,4.0,1.0,0,1,512.0,0.0,54990
10.0,2.0,15,141,16.0,16.0,0,12.0,70.0,4.0,0,1,1.0,13.0,6.0,4.0,6.0,13.0,0,1,512.0,1.0,103060
3.0,1.0,13,227,8.0,8.0,0,8.0,58.2,2.0,1,1,2.0,2.0,4.0,1.0,10.0,0.0,0,0,512.0,1.0,136990
3.0,1.0,13,227,8.0,8.0,0,8.0,58.2,2.0,1,1,2.0,2.0,4.0,1.0,10.0,0.0,0,0,256.0,0.0,118990
10.0,0.0,15,141,12.0,8.0,0,10.0,50.0,3.0,0,0,1.0,12.0,6.0,3.0,0.0,0.0,0,0,512.0,0.0,58366
4.0,0.0,15,141,16.0,16.0,0,12.0,50.0,3.0,1,1,0.0,12.0,6.0,3.0,0.0,0.0,0,0,512.0,1.0,74990
4.0,0.0,14,243,16.0,16.0,0,12.0,70.0,3.0,1,1,0.0,12.0,6.0,3.0,0.0,0.0,0,0,512.0,2.0,74990
10.0,1.0,14,157,12.0,16.0,0,6.0,43.0,3.0,0,1,1.0,5.0,1.0,0.0,0.0,0.0,0,0,512.0,0.0,56990
5.0,1.0,14,156,2.0,4.0,0,2.0,38.0,2.0,0,0,0.0,7.0,2.0,3.0,0.0,0.0,0,0,128.0,0.0,16990
10.0,1.0,15,141,16.0,8.0,0,12.0,41.0,3.0,0,1,1.0,12.0,6.0,3.0,0.0,0.0,0,0,512.0,0.0,62990
7.0,0.0,16,142,12.0,16.0,0,6.0,50.0,3.0,0,1,2.0,5.0,1.0,0.0,0.0,0.0,0,0,512.0,1.0,58990
10.0,1.0,14,157,12.0,8.0,0,6.0,50.0,3.0,0,1,1.0,5.0,1.0,0.0,0.0,0.0,0,0,512.0,0.0,51149
4.0,0.0,15,141,16.0,16.0,0,8.0,56.0,4.0,0,1,1.0,6.0,2.0,4.0,4.0,9.0,0,1,1024.0,0.0,88990
10.0,1.0,15,141,12.0,8.0,0,6.0,41.0,3.0,0,0,1.0,5.0,1.0,0.0,0.0,0.0,0,0,512.0,2.0,43700
4.0,0.0,15,141,16.0,16.0,0,8.0,50.0,3.0,1,1,0.0,5.0,1.0,4.0,4.0,9.0,0,0,1024.0,1.0,82990
7.0,0.0,15,141,8.0,8.0,0,4.0,50.0,3.0,0,0,0.0,11.0,6.0,4.0,2.0,0.0,0,0,512.0,0.0,62790
26.0,1.0,15,242,8.0,8.0,0,4.0,38.0,2.0,1,1,1.0,11.0,6.0,3.0,0.0,0.0,0,0,512.0,1.0,45989
10.0,2.0,15,141,12.0,8.0,0,6.0,52.5,3.0,0,1,1.0,5.0,1.0,4.0,4.0,1.0,0,1,512.0,2.0,57990
15.0,1.0,13,169,8.0,8.0,1,4.0,38.0,2.0,0,1,1.0,11.0,6.0,3.0,0.0,0.0,0,0,512.0,1.0,49999
23.0,0.0,15,141,8.0,8.0,0,4.0,38.0,2.0,0,1,1.0,3.0,0.0,0.0,0.0,0.0,0,0,512.0,0.0,32990
7.0,0.0,14,112,8.0,8.0,0,4.0,38.0,2.0,0,0,1.0,10.0,6.0,3.0,0.0,0.0,0,0,512.0,1.0,65999
3.0,1.0,13,227,8.0,8.0,0,8.0,49.9,2.0,0,1,2.0,1.0,3.0,1.0,0.0,0.0,0,0,512.0,2.0,109990
16.0,2.0,15,141,12.0,32.0,0,6.0,51.0,6.0,0,1,1.0,10.0,7.0,4.0,8.0,0.0,0,1,512.0,0.0,100990
5.0,1.0,14,157,8.0,8.0,0,4.0,38.0,2.0,0,0,1.0,3.0,0.0,0.0,0.0,0.0,0,0,512.0,1.0,22990
3.0,1.0,13,227,8.0,8.0,0,4.0,38.0,2.0,1,1,3.0,10.0,5.0,3.0,0.0,0.0,1,0,256.0,1.0,72999
3.0,1.0,16,226,8.0,32.0,0,8.0,72.0,4.0,1,1,4.0,9.0,8.0,0.0,4.0,0.0,1,0,2048.0,1.0,201498
10.0,2.0,14,157,8.0,8.0,0,4.0,50.0,3.0,0,0,1.0,8.0,6.0,3.0,0.0,0.0,0,0,512.0,1.0,90464
7.0,1.0,13,166,8.0,8.0,0,4.0,50.0,3.0,0,0,1.0,8.0,7.0,4.0,4.0,3.0,0,0,256.0,1.0,87990
7.0,2.0,15,263,12.0,16.0,0,6.0,86.0,6.0,1,1,1.0,8.0,7.0,4.0,6.0,8.0,0,0,512.0,1.0,84999
15.0,1.0,14,250,20.0,16.0,0,14.0,73.0,4.0,1,1,2.0,13.0,7.0,3.0,0.0,0.0,0,0,1024.0,1.0,99990
15.0,1.0,14,250,20.0,16.0,0,14.0,73.0,4.0,1,1,2.0,13.0,7.0,3.0,0.0,0.0,0,0,1024.0,1.0,129990
10.0,0.0,15,141,8.0,8.0,0,4.0,41.0,3.0,0,1,1.0,7.0,0.0,0.0,0.0,0.0,0,0,512.0,1.0,43890
7.0,2.0,15,141,12.0,16.0,0,6.0,41.0,3.0,0,1,1.0,5.0,1.0,0.0,0.0,0.0,0,0,512.0,1.0,49800
7.0,2.0,15,141,12.0,16.0,0,10.0,41.0,3.0,0,0,1.0,13.0,6.0,3.0,0.0,0.0,1,0,1024.0,1.0,74999
2.0,0.0,15,141,6.0,8.0,0,5.0,50.0,3.0,1,0,1.0,13.0,5.0,3.0,0.0,0.0,0,0,512.0,1.0,42990
2.0,1.0,14,157,12.0,16.0,0,6.0,50.0,3.0,0,1,2.0,7.0,0.0,0.0,0.0,0.0,0,0,512.0,1.0,58990
10.0,2.0,17,188,12.0,16.0,1,10.0,94.3,6.0,1,0,0.0,12.0,7.0,3.0,0.0,0.0,0,0,1024.0,1.0,415000
8.0,1.0,13,166,12.0,16.0,0,10.0,50.0,4.0,0,1,2.0,13.0,6.0,3.0,0.0,0.0,0,0,512.0,1.0,74990
8.0,1.0,13,166,12.0,16.0,0,10.0,50.0,4.0,0,1,2.0,13.0,7.0,3.0,0.0,0.0,0,0,1024.0,1.0,89990
4.0,1.0,15,141,16.0,16.0,0,8.0,50.0,3.0,0,1,1.0,7.0,0.0,0.0,0.0,0.0,0,0,1024.0,1.0,71590
7.0,1.0,14,162,12.0,8.0,1,6.0,54.0,4.0,1,1,2.0,7.0,0.0,0.0,0.0,0.0,0,0,512.0,1.0,90440
4.0,0.0,15,141,8.0,16.0,0,6.0,42.0,3.0,0,1,1.0,12.0,5.0,3.0,0.0,0.0,0,0,512.0,1.0,44990
2.0,1.0,14,243,16.0,16.0,0,12.0,65.0,4.0,0,1,2.0,13.0,6.0,3.0,0.0,0.0,0,0,512.0,1.0,72990
4.0,1.0,15,141,12.0,16.0,0,10.0,42.0,3.0,0,1,1.0,12.0,6.0,3.0,0.0,0.0,0,0,512.0,1.0,52850
10.0,1.0,15,141,12.0,16.0,0,10.0,41.0,3.0,0,1,1.0,13.0,6.0,3.0,0.0,0.0,0,0,1024.0,1.0,73990
4.0,0.0,15,141,16.0,16.0,0,8.0,50.0,3.0,0,1,1.0,6.0,2.0,4.0,4.0,9.0,0,1,512.0,1.0,84990
10.0,2.0,15,141,12.0,8.0,0,6.0,52.5,3.0,0,1,1.0,7.0,0.0,4.0,4.0,7.0,0,1,512.0,1.0,65990
15.0,1.0,14,243,16.0,16.0,1,12.0,72.0,4.0,1,1,2.0,13.0,7.0,0.0,0.0,0.0,0,0,512.0,1.0,111490
15.0,2.0,14,162,12.0,16.0,1,10.0,52.5,6.0,0,1,1.0,13.0,7.0,3.0,0.0,0.0,0,0,512.0,1.0,89990
15.0,0.0,15,141,8.0,16.0,0,4.0,45.0,3.0,0,1,1.0,11.0,7.0,3.0,0.0,0.0,0,0,512.0,1.0,60490
10.0,2.0,15,100,12.0,8.0,0,10.0,41.0,3.0,0,0,1.0,12.0,6.0,3.0,0.0,0.0,0,0,512.0,1.0,51990
15.0,2.0,15,141,12.0,16.0,0,10.0,45.0,3.0,1,1,0.0,12.0,6.0,3.0,0.0,0.0,0,0,512.0,1.0,91999
15.0,1.0,14,162,12.0,16.0,0,6.0,50.0,2.0,1,1,1.0,7.0,0.0,0.0,0.0,0.0,0,0,512.0,1.0,66389
4.0,2.0,15,141,12.0,16.0,0,6.0,50.0,3.0,0,1,1.0,5.0,1.0,4.0,4.0,9.0,0,0,1024.0,1.0,69990
4.0,2.0,15,141,16.0,16.0,0,8.0,50.0,3.0,0,1,1.0,5.0,1.0,4.0,4.0,9.0,0,0,1024.0,1.0,73990
10.0,2.0,15,100,4.0,8.0,0,2.0,41.0,3.0,0,0,1.0,3.0,0.0,0.0,0.0,0.0,0,0,512.0,1.0,28490
15.0,1.0,16,142,16.0,16.0,0,12.0,56.6,3.0,0,1,2.0,13.0,6.0,3.0,0.0,0.0,0,0,1024.0,1.0,76990
15.0,1.0,14,162,12.0,16.0,0,8.0,56.6,3.0,0,1,2.0,13.0,6.0,3.0,0.0,0.0,0,0,512.0,1.0,69450
4.0,0.0,16,142,16.0,16.0,0,10.0,50.0,3.0,0,1,1.0,12.0,7.0,4.0,4.0,9.0,0,0,1024.0,1.0,88990
15.0,0.0,15,157,8.0,8.0,0,6.0,50.0,3.0,0,0,1.0,12.0,5.0,3.0,0.0,0.0,0,0,512.0,1.0,42990
9.0,2.0,15,141,12.0,8.0,0,8.0,86.0,6.0,1,1,2.0,12.0,6.0,4.0,6.0,13.0,0,1,512.0,1.0,84990
15.0,0.0,15,141,8.0,8.0,0,4.0,50.0,3.0,0,0,1.0,7.0,1.0,0.0,0.0,0.0,1,0,512.0,1.0,43990
10.0,2.0,15,141,12.0,8.0,0,6.0,52.5,3.0,0,1,1.0,7.0,0.0,4.0,4.0,7.0,0,1,512.0,1.0,63700
7.0,1.0,15,141,4.0,8.0,0,2.0,38.0,2.0,0,0,1.0,11.0,5.0,3.0,0.0,0.0,0,0,512.0,1.0,36990
7.0,0.0,15,141,12.0,8.0,0,10.0,41.0,3.0,0,0,1.0,13.0,6.0,3.0,0.0,0.0,1,0,1024.0,1.0,64990
4.0,2.0,15,141,16.0,16.0,0,10.0,90.0,4.0,1,1,2.0,12.0,7.0,4.0,4.0,9.0,0,1,1024.0,1.0,90990
15.0,1.0,14,157,12.0,16.0,0,10.0,52.5,2.0,1,1,1.0,13.0,6.0,3.0,0.0,0.0,0,0,512.0,1.0,78652
4.0,0.0,16,283,16.0,16.0,0,10.0,70.0,3.0,0,1,1.0,12.0,7.0,4.0,0.0,0.0,0,1,512.0,1.0,114990
10.0,0.0,14,112,12.0,8.0,0,10.0,41.0,3.0,0,1,1.0,12.0,6.0,3.0,0.0,0.0,0,0,512.0,1.0,64800
15.0,0.0,15,100,2.0,8.0,0,2.0,38.0,2.0,0,0,1.0,4.0,2.0,3.0,0.0,0.0,0,0,256.0,1.0,27990
4.0,0.0,14,157,2.0,4.0,1,2.0,50.0,3.0,0,0,2.0,5.0,1.0,3.0,0.0,0.0,0,0,64.0,1.0,20990
4.0,0.0,15,141,2.0,8.0,0,2.0,42.0,3.0,0,0,2.0,5.0,1.0,3.0,0.0,0.0,0,0,64.0,1.0,20990
4.0,0.0,15,141,2.0,4.0,0,2.0,42.0,3.0,0,0,2.0,5.0,1.0,3.0,0.0,0.0,0,0,64.0,1.0,15990
4.0,0.0,15,141,2.0,4.0,0,2.0,42.0,3.0,0,0,2.0,5.0,1.0,3.0,0.0,0.0,0,0,128.0,1.0,16990
4.0,0.0,14,157,2.0,4.0,0,2.0,50.0,3.0,0,0,2.0,5.0,1.0,3.0,0.0,0.0,0,0,128.0,1.0,16990
4.0,0.0,14,157,2.0,4.0,0,2.0,50.0,3.0,0,0,2.0,5.0,1.0,3.0,0.0,0.0,0,0,64.0,1.0,18990
4.0,0.0,16,142,8.0,8.0,0,6.0,42.0,3.0,0,1,1.0,12.0,5.0,3.0,0.0,0.0,0,0,512.0,1.0,43990
9.0,2.0,15,141,16.0,8.0,0,12.0,54.0,6.0,0,1,2.0,12.0,6.0,4.0,8.0,14.0,0,1,512.0,1.0,94990
9.0,2.0,16,142,16.0,16.0,0,10.0,54.0,6.0,0,1,2.0,13.0,7.0,4.0,8.0,14.0,0,1,512.0,1.0,130000
10.0,0.0,15,141,12.0,8.0,0,6.0,41.0,3.0,0,1,1.0,5.0,1.0,0.0,0.0,0.0,0,0,256.0,1.0,33400
15.0,0.0,14,162,8.0,16.0,1,6.0,52.5,3.0,0,1,1.0,13.0,5.0,3.0,0.0,0.0,0,0,512.0,1.0,58990
15.0,1.0,14,162,16.0,16.0,0,8.0,52.5,3.0,0,1,1.0,7.0,0.0,0.0,0.0,0.0,0,0,512.0,1.0,69990
4.0,0.0,16,283,16.0,16.0,0,10.0,70.0,4.0,1,1,0.0,12.0,7.0,4.0,6.0,13.0,0,1,512.0,1.0,103000
8.0,1.0,14,162,12.0,16.0,0,10.0,64.0,4.0,0,1,2.0,13.0,6.0,3.0,0.0,0.0,1,0,512.0,1.0,86990
15.0,1.0,14,162,16.0,16.0,0,8.0,56.6,3.0,0,1,2.0,7.0,0.0,0.0,0.0,0.0,0,0,512.0,1.0,63990
15.0,1.0,14,170,16.0,16.0,0,12.0,72.0,4.0,1,1,2.0,13.0,7.0,3.0,0.0,0.0,0,0,512.0,1.0,96990
15.0,1.0,15,157,8.0,16.0,0,4.0,50.0,3.0,0,0,1.0,7.0,1.0,0.0,0.0,0.0,0,0,512.0,1.0,51990
15.0,1.0,15,157,8.0,8.0,0,4.0,50.0,3.0,0,0,1.0,7.0,1.0,0.0,0.0,0.0,0,0,512.0,1.0,48990
10.0,2.0,15,141,12.0,8.0,0,6.0,52.5,4.0,0,1,1.0,7.0,0.0,4.0,4.0,7.0,0,1,512.0,1.0,62990
4.0,2.0,16,142,12.0,16.0,0,8.0,50.0,3.0,0,1,1.0,12.0,6.0,4.0,4.0,9.0,0,0,512.0,1.0,79990
4.0,2.0,16,142,12.0,16.0,0,8.0,50.0,3.0,0,1,1.0,12.0,6.0,4.0,4.0,9.0,0,0,512.0,1.0,79990
4.0,0.0,16,283,12.0,16.0,0,8.0,70.0,3.0,1,1,0.0,12.0,6.0,4.0,6.0,13.0,0,1,512.0,1.0,94990
16.0,2.0,15,141,12.0,16.0,0,6.0,50.0,3.0,0,1,1.0,11.0,6.0,4.0,4.0,9.0,0,1,512.0,1.0,63500
16.0,2.0,15,141,16.0,16.0,0,10.0,53.5,3.0,1,1,1.0,12.0,7.0,4.0,6.0,9.0,0,1,512.0,1.0,91990
15.0,0.0,15,157,8.0,8.0,0,6.0,45.0,3.0,1,1,1.0,12.0,5.0,3.0,0.0,0.0,1,0,512.0,1.0,47750
15.0,1.0,14,243,16.0,16.0,1,8.0,72.0,4.0,1,1,0.0,7.0,0.0,0.0,0.0,0.0,0,0,512.0,1.0,95790
15.0,0.0,14,112,8.0,8.0,0,4.0,50.0,3.0,1,1,1.0,11.0,6.0,3.0,0.0,0.0,1,0,512.0,1.0,79000
4.0,0.0,15,141,12.0,16.0,0,6.0,70.0,6.0,0,1,1.0,5.0,1.0,4.0,4.0,9.0,0,0,512.0,1.0,72990
2.0,0.0,14,112,12.0,8.0,0,6.0,48.0,3.0,0,0,1.0,5.0,1.0,0.0,0.0,0.0,0,0,512.0,1.0,41990
2.0,0.0,14,112,12.0,16.0,0,6.0,48.0,3.0,0,0,1.0,5.0,1.0,0.0,0.0,0.0,0,0,512.0,1.0,44990
4.0,0.0,15,141,8.0,8.0,0,6.0,50.0,3.0,0,1,1.0,12.0,5.0,3.0,0.0,0.0,0,0,512.0,1.0,40990
4.0,1.0,14,141,8.0,8.0,0,4.0,50.0,3.0,0,1,1.0,7.0,0.0,0.0,0.0,0.0,0,0,512.0,1.0,38990
15.0,0.0,14,112,8.0,8.0,0,4.0,38.0,2.0,0,0,1.0,11.0,6.0,3.0,0.0,0.0,1,0,512.0,1.0,44600
10.0,2.0,16,182,16.0,32.0,0,8.0,83.0,6.0,0,1,2.0,7.0,2.0,4.0,8.0,15.0,0,1,1024.0,1.0,190721
10.0,2.0,15,141,12.0,8.0,0,6.0,52.5,3.0,0,1,1.0,5.0,1.0,0.0,4.0,19.0,0,1,512.0,1.0,54990
7.0,2.0,14,141,12.0,16.0,0,10.0,54.0,4.0,0,1,1.0,13.0,7.0,3.0,0.0,0.0,0,0,1024.0,1.0,84490
7.0,0.0,15,141,4.0,8.0,0,2.0,50.0,3.0,0,0,0.0,11.0,5.0,3.0,0.0,0.0,0,0,512.0,1.0,38990
8.0,1.0,14,162,16.0,16.0,1,12.0,72.0,4.0,0,1,2.0,13.0,7.0,3.0,0.0,0.0,1,0,1024.0,1.0,109990
4.0,2.0,15,141,12.0,16.0,0,6.0,50.0,3.0,0,1,1.0,11.0,6.0,4.0,4.0,7.0,0,1,512.0,1.0,61990
4.0,2.0,15,141,12.0,8.0,0,6.0,50.0,3.0,0,1,1.0,11.0,6.0,4.0,4.0,7.0,0,1,512.0,0.0,57990
10.0,2.0,15,141,12.0,8.0,0,6.0,52.5,4.0,0,1,1.0,7.0,0.0,4.0,4.0,7.0,0,1,512.0,1.0,64999
15.0,0.0,15,141,16.0,16.0,0,8.0,45.0,3.0,0,1,1.0,5.0,1.0,0.0,0.0,0.0,0,0,512.0,1.0,52990
10.0,2.0,16,137,24.0,16.0,0,16.0,83.0,6.0,1,1,0.0,13.0,7.0,4.0,8.0,14.0,0,0,512.0,1.0,176108
15.0,2.0,15,141,8.0,8.0,0,4.0,45.0,3.0,0,1,1.0,11.0,6.0,4.0,4.0,1.0,0,1,512.0,1.0,58850
4.0,2.0,15,141,12.0,16.0,0,6.0,50.0,3.0,0,1,1.0,5.0,1.0,4.0,4.0,2.0,0,0,512.0,1.0,60990
16.0,0.0,14,157,12.0,16.0,0,10.0,50.0,3.0,0,1,1.0,12.0,7.0,3.0,0.0,0.0,0,0,512.0,1.0,49990
4.0,1.0,14,141,8.0,8.0,0,4.0,50.0,3.0,0,1,1.0,7.0,0.0,0.0,0.0,0.0,0,0,512.0,1.0,38990
16.0,0.0,16,283,20.0,32.0,0,14.0,99.9,4.0,0,1,2.0,13.0,8.0,4.0,8.0,14.0,0,0,1024.0,1.0,249990
2.0,0.0,14,157,8.0,8.0,0,8.0,40.0,3.0,0,0,1.0,12.0,5.0,3.0,0.0,0.0,0,0,512.0,1.0,44990
15.0,0.0,15,141,4.0,8.0,0,2.0,45.0,2.0,0,0,1.0,11.0,5.0,3.0,0.0,0.0,0,0,512.0,1.0,39990
15.0,0.0,14,142,12.0,16.0,0,8.0,56.6,3.0,0,1,2.0,13.0,6.0,3.0,0.0,0.0,0,0,512.0,1.0,68990
15.0,1.0,14,162,16.0,16.0,0,10.0,56.6,2.0,0,1,2.0,13.0,7.0,3.0,0.0,0.0,0,0,512.0,1.0,87490
7.0,0.0,15,141,4.0,8.0,0,2.0,41.0,3.0,0,0,0.0,11.0,5.0,3.0,0.0,0.0,0,0,512.0,1.0,39399
7.0,0.0,15,141,6.0,8.0,0,5.0,41.0,3.0,0,0,0.0,13.0,5.0,3.0,0.0,0.0,0,0,1024.0,1.0,45990
7.0,0.0,15,147,8.0,8.0,0,4.0,41.0,3.0,0,0,1.0,7.0,1.0,0.0,0.0,0.0,0,0,1024.0,1.0,49490
7.0,2.0,15,141,8.0,8.0,0,4.0,41.0,3.0,0,1,1.0,5.0,0.0,0.0,0.0,0.0,0,0,512.0,1.0,35990
7.0,2.0,13,227,16.0,16.0,0,12.0,72.0,4.0,1,1,2.0,13.0,7.0,3.0,0.0,0.0,0,0,1024.0,1.0,98990
7.0,2.0,13,227,16.0,16.0,0,12.0,54.0,4.0,1,1,2.0,13.0,6.0,3.0,0.0,0.0,0,0,1024.0,1.0,86990
7.0,2.0,14,162,12.0,16.0,1,10.0,54.0,4.0,1,1,2.0,13.0,6.0,3.0,0.0,0.0,0,0,1024.0,1.0,84990
10.0,2.0,15,141,12.0,16.0,0,6.0,70.0,4.0,0,1,1.0,5.0,1.0,4.0,4.0,9.0,0,1,512.0,1.0,65290
15.0,1.0,14,170,16.0,16.0,0,12.0,72.0,4.0,1,1,2.0,13.0,6.0,3.0,0.0,0.0,0,0,512.0,1.0,82990
10.0,1.0,15,141,12.0,16.0,0,10.0,41.0,3.0,0,1,1.0,13.0,6.0,3.0,0.0,0.0,0,0,1024.0,1.0,74990
16.0,2.0,17,127,16.0,16.0,0,10.0,53.5,3.0,0,1,1.0,12.0,7.0,4.0,8.0,15.0,0,0,1024.0,1.0,138990
16.0,0.0,15,141,16.0,16.0,0,10.0,50.0,3.0,0,1,1.0,12.0,7.0,4.0,6.0,13.0,0,0,512.0,1.0,87990
16.0,0.0,15,141,16.0,16.0,0,10.0,51.0,3.0,0,1,1.0,12.0,7.0,4.0,8.0,14.0,0,0,512.0,1.0,94990
15.0,0.0,16,142,16.0,16.0,0,12.0,56.6,3.0,0,1,2.0,13.0,6.0,3.0,0.0,0.0,0,0,512.0,1.0,74990
16.0,2.0,17,127,16.0,16.0,0,10.0,53.5,3.0,0,1,1.0,12.0,7.0,4.0,8.0,14.0,0,0,1024.0,1.0,113990
16.0,2.0,17,127,16.0,8.0,0,10.0,53.5,3.0,0,1,1.0,12.0,7.0,4.0,8.0,14.0,0,0,1024.0,1.0,103990
16.0,2.0,17,127,20.0,16.0,0,14.0,90.0,4.0,0,1,1.0,13.0,8.0,4.0,8.0,15.0,0,0,1024.0,1.0,189990
16.0,2.0,17,127,20.0,8.0,0,14.0,90.0,4.0,0,1,1.0,13.0,7.0,4.0,8.0,14.0,0,0,1024.0,1.0,134990
16.0,0.0,15,141,12.0,8.0,0,6.0,52.4,3.0,0,1,1.0,12.0,6.0,4.0,4.0,7.0,0,0,512.0,1.0,49990
15.0,0.0,15,141,4.0,8.0,0,2.0,50.0,3.0,0,0,0.0,11.0,5.0,3.0,0.0,0.0,0,0,512.0,1.0,38890
10.0,2.0,15,141,16.0,16.0,0,12.0,70.0,4.0,0,1,1.0,13.0,6.0,4.0,6.0,13.0,0,1,512.0,1.0,116463
10.0,2.0,15,141,20.0,16.0,0,14.0,70.0,4.0,0,1,1.0,13.0,7.0,4.0,6.0,13.0,0,1,512.0,1.0,109990
10.0,0.0,16,182,32.0,32.0,0,24.0,97.0,6.0,0,1,2.0,13.0,8.0,4.0,8.0,15.0,0,0,1024.0,1.0,277278
10.0,2.0,16,182,20.0,16.0,0,14.0,83.0,6.0,0,1,2.0,13.0,6.0,4.0,6.0,13.0,0,0,512.0,1.0,153625
10.0,2.0,15,137,12.0,8.0,0,6.0,52.5,3.0,0,1,1.0,5.0,1.0,0.0,4.0,19.0,0,1,512.0,1.0,56999
9.0,0.0,15,188,16.0,16.0,0,12.0,99.0,6.0,1,1,2.0,12.0,6.0,4.0,8.0,15.0,0,1,1024.0,1.0,149990
15.0,1.0,14,170,16.0,16.0,0,12.0,65.0,4.0,1,1,2.0,13.0,6.0,3.0,0.0,0.0,0,0,512.0,1.0,78990
15.0,1.0,14,162,12.0,16.0,0,6.0,56.6,3.0,0,1,2.0,7.0,0.0,0.0,0.0,0.0,0,0,512.0,1.0,58990
4.0,0.0,15,141,8.0,8.0,0,6.0,50.0,3.0,0,1,1.0,12.0,5.0,3.0,0.0,0.0,0,0,512.0,0.0,40990
10.0,1.0,13,255,12.0,16.0,1,10.0,72.0,4.0,1,1,2.0,12.0,7.0,3.0,0.0,0.0,0,0,512.0,1.0,108274
6.0,1.0,15,280,8.0,16.0,0,4.0,66.9,2.0,0,0,1.0,10.0,6.0,3.0,0.0,0.0,0,0,512.0,1.0,32999
10.0,2.0,16,137,12.0,16.0,0,8.0,83.0,6.0,0,1,1.0,13.0,6.0,4.0,6.0,13.0,0,1,512.0,1.0,101990
10.0,1.0,13,166,12.0,16.0,1,10.0,68.0,6.0,0,1,2.0,13.0,7.0,3.0,0.0,0.0,1,0,512.0,1.0,231746
4.0,0.0,15,141,12.0,16.0,0,6.0,70.0,3.0,0,1,1.0,5.0,1.0,4.0,4.0,7.0,0,1,512.0,1.0,69990
4.0,0.0,16,142,16.0,16.0,0,10.0,50.0,3.0,0,1,1.0,12.0,7.0,4.0,4.0,9.0,0,0,512.0,1.0,94990
2.0,2.0,16,142,32.0,16.0,0,24.0,90.0,4.0,1,1,2.0,13.0,8.0,4.0,8.0,14.0,0,0,1024.0,1.0,165601
16.0,2.0,15,141,16.0,8.0,0,10.0,53.5,3.0,0,1,1.0,12.0,7.0,4.0,6.0,9.0,0,0,512.0,1.0,85990
4.0,0.0,15,141,16.0,16.0,0,8.0,70.0,3.0,0,1,1.0,5.0,1.0,4.0,4.0,7.0,0,1,512.0,1.0,76990
15.0,0.0,14,142,12.0,16.0,0,8.0,56.6,3.0,0,1,2.0,13.0,6.0,3.0,0.0,0.0,0,0,512.0,1.0,71990
4.0,1.0,14,243,20.0,16.0,1,14.0,63.0,3.0,0,1,2.0,12.0,7.0,3.0,0.0,0.0,0,0,512.0,1.0,84990
4.0,0.0,15,141,4.0,8.0,0,2.0,37.0,2.0,0,1,1.0,11.0,5.0,3.0,0.0,0.0,0,0,512.0,1.0,37990
10.0,0.0,16,189,24.0,16.0,0,16.0,97.0,6.0,0,1,2.0,13.0,7.0,4.0,6.0,13.0,0,1,512.0,1.0,186592
10.0,0.0,14,157,12.0,16.0,1,10.0,43.0,3.0,1,1,2.0,13.0,6.0,3.0,0.0,0.0,0,0,512.0,1.0,79990
15.0,2.0,15,184,12.0,16.0,0,8.0,60.0,3.0,1,1,1.0,12.0,6.0,4.0,6.0,13.0,0,1,512.0,1.0,91490
15.0,2.0,15,184,12.0,16.0,0,8.0,60.0,3.0,1,1,1.0,12.0,6.0,4.0,8.0,14.0,0,1,512.0,1.0,97990
9.0,0.0,15,141,16.0,8.0,0,12.0,99.0,6.0,0,1,2.0,12.0,6.0,4.0,8.0,14.0,0,0,512.0,1.0,117574
4.0,0.0,15,141,12.0,16.0,0,10.0,42.0,3.0,0,1,1.0,12.0,6.0,3.0,0.0,0.0,0,0,512.0,0.0,59990
15.0,2.0,15,184,16.0,16.0,0,8.0,60.0,3.0,1,1,1.0,7.0,2.0,4.0,6.0,13.0,0,1,512.0,1.0,99990
16.0,2.0,16,189,32.0,32.0,0,24.0,90.0,4.0,0,1,2.0,13.0,8.0,4.0,12.0,16.0,0,1,1024.0,1.0,279990
16.0,2.0,17,178,32.0,32.0,0,24.0,90.0,4.0,1,1,3.0,13.0,8.0,4.0,16.0,17.0,0,1,2048.0,1.0,344990
2.0,1.0,15,141,8.0,8.0,0,4.0,38.0,2.0,0,1,1.0,11.0,6.0,4.0,2.0,4.0,0,0,512.0,1.0,44990
15.0,1.0,14,157,12.0,16.0,0,6.0,47.0,2.0,0,1,2.0,7.0,0.0,0.0,0.0,0.0,0,0,512.0,1.0,60990
4.0,1.0,15,141,2.0,4.0,0,2.0,38.0,2.0,0,0,1.0,7.0,2.0,3.0,0.0,0.0,0,0,256.0,0.0,23990
10.0,2.0,16,141,16.0,16.0,0,8.0,83.0,6.0,0,1,2.0,7.0,2.0,4.0,8.0,14.0,0,1,512.0,1.0,128599
10.0,2.0,16,182,24.0,16.0,0,16.0,83.0,6.0,0,1,2.0,13.0,7.0,4.0,8.0,14.0,0,0,512.0,1.0,138990
10.0,0.0,14,112,4.0,8.0,0,2.0,41.0,3.0,0,0,1.0,11.0,5.0,3.0,0.0,0.0,0,0,512.0,1.0,51147
15.0,1.0,13,166,8.0,16.0,1,4.0,51.0,2.0,0,1,2.0,3.0,0.0,0.0,0.0,0.0,1,0,256.0,1.0,54990
13.0,0.0,15,141,8.0,16.0,0,4.0,50.0,3.0,0,1,2.0,11.0,7.0,3.0,0.0,0.0,0,0,1024.0,1.0,52990
2.0,2.0,15,141,12.0,8.0,0,8.0,57.5,4.0,1,1,1.0,12.0,6.0,4.0,4.0,9.0,0,1,512.0,1.0,66990
15.0,1.0,14,157,8.0,16.0,1,4.0,72.0,4.0,0,1,2.0,11.0,6.0,3.0,0.0,0.0,0,0,1024.0,1.0,119888
10.0,1.0,15,141,2.0,4.0,0,2.0,38.0,2.0,0,0,1.0,3.0,0.0,0.0,0.0,0.0,0,0,256.0,1.0,23490
15.0,1.0,13,170,12.0,16.0,1,6.0,59.0,4.0,0,1,2.0,7.0,0.0,0.0,0.0,0.0,0,0,512.0,1.0,76889
7.0,2.0,13,227,16.0,16.0,0,12.0,72.0,4.0,1,1,2.0,13.0,7.0,3.0,0.0,0.0,0,0,512.0,1.0,96490
7.0,2.0,13,227,16.0,16.0,0,12.0,72.0,4.0,1,1,2.0,13.0,6.0,3.0,0.0,0.0,0,0,512.0,1.0,84490
7.0,1.0,15,290,20.0,16.0,1,14.0,86.0,6.0,1,1,3.0,13.0,7.0,4.0,6.0,13.0,0,0,1024.0,1.0,256990
4.0,0.0,15,141,8.0,8.0,0,6.0,50.0,3.0,0,1,1.0,12.0,5.0,3.0,0.0,0.0,0,0,512.0,1.0,40900
7.0,1.0,15,141,8.0,16.0,0,4.0,72.0,4.0,0,1,1.0,11.0,6.0,4.0,2.0,4.0,0,0,512.0,1.0,69900
9.0,2.0,16,141,20.0,16.0,0,14.0,99.0,6.0,1,1,3.0,12.0,7.0,4.0,6.0,10.0,0,1,1024.0,1.0,211199
16.0,1.0,14,157,16.0,16.0,0,12.0,50.0,3.0,0,1,2.0,12.0,6.0,3.0,0.0,0.0,0,0,512.0,1.0,77990
10.0,0.0,16,182,24.0,16.0,0,16.0,97.0,6.0,0,1,2.0,13.0,7.0,4.0,8.0,15.0,0,0,1024.0,1.0,199990
15.0,0.0,16,142,20.0,16.0,0,14.0,56.6,3.0,0,1,2.0,13.0,7.0,3.0,0.0,0.0,0,0,512.0,1.0,85889
10.0,0.0,14,157,12.0,8.0,0,10.0,41.0,3.0,0,1,1.0,12.0,6.0,3.0,0.0,0.0,0,0,512.0,1.0,55350
7.0,2.0,16,229,20.0,32.0,0,14.0,90.0,6.0,1,1,1.0,13.0,8.0,4.0,16.0,17.0,0,1,2048.0,1.0,453490
16.0,0.0,17,178,20.0,64.0,0,24.0,90.0,3.0,1,1,2.0,13.0,8.0,4.0,8.0,15.0,0,0,2048.0,1.0,339990
7.0,0.0,14,157,16.0,16.0,0,8.0,54.0,4.0,0,1,1.0,5.0,1.0,0.0,0.0,0.0,0,0,512.0,1.0,67990
7.0,2.0,16,229,32.0,32.0,0,24.0,86.0,6.0,1,1,1.0,13.0,8.0,4.0,12.0,16.0,0,1,1024.0,1.0,323290
7.0,2.0,16,216,16.0,16.0,0,8.0,86.0,6.0,1,1,2.0,7.0,1.0,4.0,8.0,14.0,0,1,1024.0,1.0,199990
16.0,0.0,15,141,8.0,16.0,0,4.0,50.0,3.0,0,1,1.0,11.0,6.0,3.0,0.0,0.0,0,0,512.0,1.0,39990
16.0,1.0,14,170,16.0,16.0,0,12.0,72.0,4.0,0,1,2.0,12.0,6.0,4.0,4.0,7.0,0,0,512.0,1.0,84990
16.0,0.0,15,157,8.0,16.0,0,6.0,53.8,3.0,0,1,1.0,12.0,5.0,3.0,0.0,0.0,0,0,512.0,1.0,36990
16.0,0.0,15,157,8.0,8.0,0,6.0,53.8,3.0,0,1,1.0,12.0,5.0,3.0,0.0,0.0,0,0,512.0,1.0,34990
9.0,2.0,16,141,20.0,16.0,0,14.0,99.0,6.0,1,1,3.0,12.0,7.0,4.0,8.0,0.0,0,1,1024.0,1.0,189999
7.0,2.0,18,204,32.0,64.0,0,24.0,97.0,6.0,1,1,2.0,13.0,8.0,4.0,16.0,17.0,0,1,1024.0,1.0,446390
15.0,2.0,13,170,12.0,16.0,1,6.0,59.0,4.0,0,1,2.0,7.0,0.0,0.0,0.0,0.0,0,0,512.0,1.0,73990
15.0,1.0,14,162,16.0,16.0,1,8.0,52.5,3.0,0,1,1.0,5.0,1.0,0.0,0.0,0.0,0,0,512.0,1.0,66500
4.0,2.0,16,189,20.0,16.0,0,14.0,90.0,4.0,1,1,2.0,12.0,7.0,4.0,6.0,13.0,0,1,1024.0,1.0,144990
10.0,0.0,15,141,8.0,16.0,0,6.0,50.0,3.0,0,0,1.0,12.0,5.0,3.0,0.0,0.0,0,0,512.0,1.0,43990
4.0,0.0,16,142,12.0,16.0,0,8.0,50.0,3.0,0,1,1.0,12.0,6.0,4.0,4.0,7.0,0,0,512.0,1.0,70990
15.0,1.0,14,162,12.0,16.0,1,6.0,52.5,3.0,0,1,1.0,7.0,0.0,0.0,0.0,0.0,0,0,512.0,1.0,64990
4.0,0.0,15,141,12.0,16.0,0,6.0,50.0,3.0,0,1,1.0,5.0,1.0,4.0,4.0,9.0,0,1,512.0,1.0,72990
2.0,2.0,16,142,16.0,8.0,0,8.0,90.0,4.0,1,1,2.0,7.0,2.0,4.0,8.0,14.0,0,0,512.0,1.0,114990
7.0,2.0,16,216,24.0,32.0,0,12.0,86.0,6.0,1,1,2.0,7.0,1.0,4.0,12.0,16.0,0,1,2048.0,1.0,302990
2.0,2.0,16,142,16.0,16.0,0,8.0,90.0,4.0,1,1,2.0,7.0,2.0,4.0,8.0,14.0,0,0,512.0,1.0,129990
2.0,0.0,15,141,12.0,16.0,0,10.0,50.0,3.0,1,1,1.0,13.0,6.0,4.0,4.0,7.0,0,0,512.0,1.0,57990
14.0,1.0,14,162,16.0,16.0,0,12.0,72.0,2.0,1,1,2.0,13.0,6.0,3.0,0.0,0.0,0,0,512.0,1.0,98999
7.0,0.0,14,157,8.0,8.0,0,4.0,42.0,3.0,0,0,2.0,10.0,6.0,3.0,0.0,0.0,0,0,512.0,1.0,69990
8.0,1.0,14,162,12.0,16.0,0,10.0,64.0,4.0,0,1,2.0,13.0,6.0,3.0,0.0,0.0,1,0,512.0,1.0,79990
8.0,1.0,14,162,16.0,16.0,0,12.0,64.0,4.0,0,1,2.0,13.0,7.0,3.0,0.0,0.0,1,0,512.0,1.0,79990
10.0,2.0,16,142,12.0,16.0,0,10.0,51.0,3.0,0,1,2.0,12.0,6.0,4.0,4.0,22.0,0,0,1024.0,1.0,126800
4.0,0.0,15,141,16.0,16.0,0,8.0,50.0,3.0,0,1,1.0,5.0,1.0,4.0,4.0,9.0,0,1,512.0,1.0,81900
10.0,2.0,14,142,12.0,16.0,0,10.0,51.0,3.0,0,1,2.0,12.0,7.0,4.0,4.0,22.0,0,0,512.0,1.0,131684
10.0,2.0,14,162,12.0,16.0,0,10.0,51.0,3.0,0,1,2.0,12.0,7.0,3.0,0.0,0.0,0,0,1024.0,1.0,125900
10.0,1.0,15,112,4.0,8.0,0,4.0,41.0,3.0,0,0,1.0,7.0,2.0,3.0,0.0,0.0,0,0,512.0,1.0,32990
10.0,0.0,16,142,12.0,16.0,0,10.0,51.0,3.0,0,1,2.0,12.0,7.0,3.0,0.0,0.0,0,0,1024.0,1.0,127790
10.0,2.0,16,142,12.0,16.0,0,10.0,51.0,3.0,0,1,2.0,12.0,6.0,3.0,0.0,0.0,0,0,1024.0,1.0,113612
10.0,2.0,14,162,16.0,16.0,0,12.0,51.0,3.0,0,1,2.0,12.0,6.0,3.0,0.0,0.0,0,0,512.0,1.0,108625
10.0,0.0,16,283,20.0,32.0,0,14.0,86.0,6.0,1,1,3.0,12.0,8.0,4.0,16.0,12.0,1,0,1024.0,1.0,272709
10.0,0.0,16,283,20.0,32.0,0,14.0,86.0,6.0,1,1,3.0,12.0,8.0,4.0,6.0,10.0,1,0,1024.0,1.0,233498
10.0,0.0,16,283,20.0,32.0,0,14.0,86.0,6.0,1,1,3.0,12.0,8.0,4.0,12.0,12.0,1,0,1024.0,1.0,390914
10.0,0.0,16,283,20.0,16.0,0,14.0,86.0,6.0,1,1,3.0,12.0,7.0,4.0,6.0,10.0,1,0,1024.0,1.0,230593
14.0,1.0,16,189,16.0,16.0,0,12.0,80.0,2.0,1,1,2.0,13.0,7.0,3.0,0.0,0.0,0,0,1024.0,1.0,128699
10.0,0.0,16,283,20.0,16.0,0,14.0,86.0,6.0,1,1,3.0,12.0,7.0,4.0,8.0,11.0,1,0,1024.0,1.0,278712
15.0,1.0,11,135,2.0,4.0,0,2.0,38.0,2.0,0,0,0.0,7.0,2.0,3.0,0.0,0.0,0,0,256.0,1.0,25490
4.0,2.0,14,216,16.0,16.0,0,8.0,72.0,4.0,1,1,2.0,6.0,0.0,4.0,6.0,9.0,0,1,512.0,1.0,119990
10.0,0.0,16,283,20.0,16.0,0,14.0,86.0,6.0,1,1,3.0,12.0,7.0,4.0,8.0,11.0,1,0,1024.0,1.0,239761
14.0,1.0,16,189,16.0,16.0,1,12.0,80.0,2.0,1,1,2.0,13.0,7.0,3.0,0.0,0.0,0,0,1024.0,1.0,152499
14.0,1.0,16,142,12.0,16.0,1,6.0,72.0,3.0,0,1,1.0,7.0,0.0,0.0,0.0,0.0,0,0,512.0,1.0,78299
10.0,0.0,15,100,8.0,8.0,0,6.0,47.0,2.0,0,0,2.0,12.0,5.0,3.0,0.0,0.0,0,0,256.0,1.0,50990
15.0,0.0,15,134,12.0,16.0,0,10.0,45.0,3.0,0,0,1.0,12.0,6.0,3.0,0.0,0.0,1,0,512.0,1.0,56490
2.0,2.0,15,141,12.0,16.0,0,8.0,57.5,4.0,0,1,1.0,12.0,6.0,4.0,4.0,9.0,0,1,512.0,1.0,69990
4.0,0.0,15,141,12.0,16.0,0,10.0,42.0,3.0,0,1,1.0,13.0,6.0,3.0,0.0,0.0,0,0,512.0,1.0,63990
4.0,0.0,16,283,16.0,16.0,0,10.0,50.0,3.0,0,1,1.0,12.0,7.0,4.0,8.0,14.0,0,1,512.0,1.0,114990
10.0,1.0,15,100,4.0,8.0,0,2.0,41.0,3.0,0,0,1.0,3.0,0.0,0.0,0.0,0.0,0,0,512.0,1.0,27490
7.0,0.0,14,141,12.0,8.0,0,10.0,54.0,4.0,0,1,1.0,13.0,6.0,3.0,0.0,0.0,0,0,1024.0,1.0,60210
10.0,2.0,16,182,12.0,16.0,0,8.0,86.0,6.0,0,1,1.0,13.0,6.0,4.0,6.0,13.0,0,1,512.0,1.0,102990
10.0,2.0,16,182,12.0,16.0,0,8.0,83.0,6.0,0,1,1.0,13.0,6.0,4.0,6.0,13.0,0,1,512.0,1.0,109999
13.0,1.0,15,141,20.0,32.0,0,14.0,70.0,3.0,0,1,0.0,13.0,7.0,3.0,0.0,0.0,0,0,1024.0,1.0,71990
13.0,0.0,15,141,4.0,4.0,0,4.0,40.0,2.0,0,1,2.0,11.0,1.0,3.0,0.0,0.0,0,0,128.0,0.0,19990
15.0,1.0,14,157,12.0,8.0,0,10.0,45.0,3.0,0,1,1.0,12.0,6.0,3.0,0.0,0.0,0,0,512.0,1.0,56990
15.0,1.0,14,135,2.0,8.0,0,2.0,38.0,2.0,0,0,1.0,4.0,2.0,3.0,0.0,0.0,0,0,256.0,1.0,23990
16.0,0.0,15,141,16.0,16.0,0,8.0,50.0,3.0,1,1,1.0,11.0,7.0,4.0,4.0,1.0,0,0,512.0,1.0,57990
15.0,1.0,14,157,8.0,16.0,0,4.0,50.0,3.0,1,1,1.0,11.0,7.0,4.0,2.0,4.0,1,0,512.0,1.0,130800
16.0,2.0,15,141,12.0,16.0,0,8.0,50.0,3.0,0,1,1.0,12.0,6.0,4.0,4.0,9.0,0,1,512.0,1.0,75990
15.0,1.0,14,157,8.0,8.0,0,4.0,45.0,3.0,0,1,2.0,7.0,0.0,0.0,0.0,0.0,0,0,512.0,1.0,44990
4.0,0.0,16,283,12.0,16.0,0,8.0,63.0,3.0,0,1,1.0,12.0,6.0,4.0,6.0,13.0,0,1,512.0,1.0,94990
4.0,0.0,15,141,12.0,16.0,0,10.0,50.0,3.0,0,1,1.0,13.0,6.0,3.0,0.0,0.0,0,0,512.0,1.0,73990
4.0,0.0,15,141,12.0,16.0,0,10.0,42.0,3.0,0,1,1.0,13.0,6.0,3.0,0.0,0.0,0,0,512.0,1.0,63990
15.0,2.0,15,141,8.0,16.0,0,4.0,50.0,3.0,0,1,1.0,11.0,6.0,4.0,4.0,1.0,0,1,512.0,2.0,57990
15.0,1.0,14,157,12.0,8.0,0,6.0,45.0,3.0,0,1,2.0,7.0,0.0,0.0,0.0,0.0,0,0,512.0,1.0,54990
10.0,0.0,15,141,16.0,16.0,1,8.0,55.0,4.0,0,1,2.0,7.0,0.0,0.0,0.0,0.0,0,0,512.0,1.0,87680
10.0,0.0,15,141,12.0,16.0,1,6.0,55.0,4.0,0,1,2.0,7.0,0.0,0.0,0.0,0.0,0,0,512.0,1.0,79490
10.0,0.0,15,141,12.0,16.0,1,10.0,55.0,4.0,0,1,2.0,13.0,6.0,3.0,0.0,0.0,0,0,512.0,1.0,96990
10.0,0.0,15,141,12.0,16.0,1,10.0,55.0,4.0,0,1,2.0,13.0,6.0,3.0,0.0,0.0,0,0,512.0,1.0,88680
10.0,0.0,15,141,12.0,16.0,1,6.0,55.0,4.0,0,1,2.0,7.0,0.0,0.0,0.0,0.0,0,0,512.0,1.0,87490
15.0,1.0,15,157,4.0,8.0,0,2.0,47.0,3.0,0,1,1.0,11.0,5.0,3.0,0.0,0.0,0,0,512.0,1.0,44927
4.0,0.0,14,243,12.0,16.0,0,8.0,63.0,3.0,0,1,1.0,12.0,6.0,4.0,4.0,7.0,0,0,512.0,1.0,69990
10.0,1.0,14,243,20.0,16.0,0,14.0,51.0,3.0,0,1,2.0,12.0,7.0,3.0,0.0,0.0,0,0,512.0,1.0,107767
7.0,0.0,15,141,4.0,8.0,0,2.0,41.0,3.0,0,0,0.0,11.0,5.0,3.0,0.0,0.0,0,0,512.0,1.0,38390
10.0,1.0,14,141,8.0,8.0,0,4.0,41.0,3.0,0,0,1.0,7.0,0.0,0.0,0.0,0.0,0,0,512.0,1.0,39990
7.0,0.0,14,162,8.0,8.0,1,6.0,54.0,4.0,1,1,2.0,13.0,5.0,3.0,0.0,0.0,0,0,1024.0,1.0,58299
10.0,1.0,14,157,8.0,16.0,0,4.0,50.0,3.0,0,1,1.0,7.0,1.0,0.0,0.0,0.0,0,0,512.0,1.0,52990
15.0,1.0,14,157,12.0,16.0,0,6.0,45.0,3.0,0,1,2.0,7.0,0.0,0.0,0.0,0.0,0,0,512.0,1.0,59990
15.0,2.0,15,141,12.0,16.0,0,6.0,86.0,6.0,0,1,1.0,5.0,1.0,4.0,4.0,1.0,0,1,512.0,0.0,59990
15.0,0.0,15,141,12.0,8.0,0,10.0,45.0,3.0,1,1,2.0,12.0,6.0,3.0,0.0,0.0,0,0,512.0,1.0,53990
10.0,0.0,14,189,16.0,16.0,0,12.0,51.0,3.0,0,1,2.0,13.0,6.0,3.0,0.0,0.0,1,0,512.0,1.0,80490
15.0,2.0,15,141,12.0,16.0,0,6.0,45.0,3.0,0,1,1.0,5.0,1.0,4.0,4.0,1.0,0,1,512.0,1.0,59500
15.0,2.0,15,141,12.0,8.0,0,6.0,86.0,6.0,0,1,1.0,5.0,1.0,4.0,4.0,1.0,0,1,512.0,1.0,60990
16.0,0.0,15,141,16.0,16.0,0,10.0,53.5,3.0,0,1,2.0,13.0,7.0,4.0,8.0,14.0,0,0,1024.0,1.0,171990
15.0,0.0,15,141,12.0,16.0,0,6.0,86.0,6.0,0,1,1.0,7.0,0.0,4.0,4.0,7.0,0,1,512.0,1.0,66990
10.0,2.0,15,141,12.0,16.0,0,6.0,52.5,3.0,1,1,1.0,6.0,1.0,4.0,4.0,23.0,1,0,512.0,1.0,115592
10.0,2.0,15,141,12.0,32.0,0,6.0,52.5,3.0,1,1,1.0,6.0,1.0,4.0,4.0,23.0,1,0,1024.0,1.0,137456
15.0,1.0,14,157,8.0,8.0,1,6.0,52.5,2.0,1,1,1.0,12.0,5.0,3.0,0.0,0.0,0,0,512.0,1.0,52990
10.0,1.0,15,141,16.0,16.0,0,8.0,41.0,3.0,0,0,1.0,5.0,1.0,0.0,0.0,0.0,0,0,512.0,1.0,52990
10.0,1.0,14,157,8.0,8.0,0,6.0,41.0,3.0,0,0,1.0,13.0,5.0,3.0,0.0,0.0,0,0,512.0,1.0,47990
13.0,1.0,15,141,16.0,16.0,0,12.0,70.0,3.0,0,1,0.0,13.0,6.0,3.0,0.0,0.0,0,0,512.0,0.0,50990
10.0,1.0,14,141,8.0,8.0,0,4.0,41.0,3.0,0,0,1.0,7.0,1.0,0.0,0.0,0.0,0,0,512.0,1.0,49490
10.0,1.0,14,141,8.0,16.0,0,4.0,41.0,3.0,0,0,1.0,7.0,1.0,0.0,0.0,0.0,0,0,512.0,1.0,52990
10.0,0.0,15,141,12.0,16.0,1,10.0,55.0,4.0,1,1,2.0,13.0,7.0,3.0,0.0,0.0,1,0,1024.0,1.0,115990
10.0,0.0,15,141,12.0,16.0,1,10.0,55.0,4.0,1,1,2.0,13.0,7.0,3.0,0.0,0.0,1,0,512.0,1.0,109990
2.0,0.0,14,112,8.0,8.0,0,4.0,50.0,3.0,0,0,1.0,3.0,0.0,0.0,0.0,0.0,0,0,256.0,1.0,29990
4.0,0.0,14,216,16.0,16.0,0,8.0,76.0,4.0,1,1,2.0,7.0,2.0,4.0,6.0,13.0,0,1,1024.0,1.0,174990
4.0,2.0,15,141,12.0,8.0,0,6.0,48.0,4.0,1,1,1.0,11.0,6.0,4.0,4.0,7.0,0,1,1024.0,1.0,62990
7.0,2.0,14,141,12.0,16.0,0,10.0,54.0,4.0,0,1,1.0,13.0,7.0,3.0,0.0,0.0,0,0,512.0,1.0,84980
15.0,0.0,15,141,16.0,8.0,0,8.0,45.0,3.0,1,1,2.0,7.0,0.0,0.0,0.0,0.0,0,0,512.0,1.0,51990
15.0,2.0,15,141,12.0,8.0,0,6.0,45.0,3.0,0,1,1.0,5.0,1.0,4.0,4.0,1.0,0,1,512.0,1.0,63990
10.0,2.0,15,141,16.0,32.0,0,8.0,52.5,2.0,1,1,1.0,6.0,2.0,4.0,4.0,23.0,1,0,1024.0,1.0,139990
15.0,0.0,15,141,4.0,8.0,0,2.0,50.0,3.0,0,0,0.0,11.0,5.0,3.0,0.0,0.0,0,0,512.0,1.0,36990
7.0,0.0,14,162,12.0,8.0,1,10.0,54.0,4.0,0,1,2.0,12.0,7.0,3.0,0.0,0.0,0,0,512.0,1.0,92490
15.0,0.0,15,141,12.0,16.0,0,8.0,60.0,6.0,0,1,1.0,12.0,6.0,4.0,4.0,9.0,0,1,512.0,1.0,69990
15.0,2.0,15,141,8.0,16.0,0,4.0,86.0,6.0,0,1,1.0,11.0,6.0,4.0,4.0,1.0,0,1,512.0,1.0,63990
10.0,1.0,14,141,8.0,8.0,0,4.0,41.0,3.0,0,0,1.0,7.0,1.0,0.0,0.0,0.0,0,0,512.0,1.0,47990
4.0,0.0,16,283,16.0,16.0,0,10.0,63.0,3.0,0,1,1.0,12.0,7.0,4.0,6.0,13.0,0,1,512.0,1.0,99990
16.0,2.0,15,141,16.0,16.0,0,10.0,53.5,3.0,0,1,1.0,12.0,7.0,4.0,8.0,14.0,0,1,512.0,1.0,111990
16.0,2.0,15,141,12.0,16.0,0,8.0,53.5,3.0,0,1,1.0,12.0,6.0,4.0,6.0,13.0,0,1,512.0,1.0,92990
10.0,0.0,15,112,12.0,16.0,0,10.0,41.0,3.0,0,1,1.0,12.0,6.0,3.0,0.0,0.0,0,0,512.0,1.0,67990
15.0,0.0,14,157,8.0,8.0,0,6.0,45.0,3.0,0,0,1.0,12.0,5.0,3.0,0.0,0.0,1,0,512.0,1.0,46700
7.0,0.0,16,138,8.0,8.0,0,6.0,50.0,3.0,0,0,1.0,12.0,5.0,3.0,0.0,0.0,0,0,512.0,1.0,48990
10.0,1.0,15,100,2.0,4.0,0,2.0,41.0,3.0,0,0,1.0,3.0,0.0,0.0,0.0,0.0,0,0,256.0,1.0,20890
15.0,0.0,14,157,8.0,8.0,0,6.0,45.0,3.0,0,0,1.0,12.0,5.0,3.0,0.0,0.0,1,0,512.0,1.0,61000
7.0,0.0,15,141,12.0,8.0,0,6.0,41.0,3.0,0,1,0.0,5.0,1.0,0.0,0.0,0.0,0,0,512.0,1.0,45499
7.0,0.0,16,142,12.0,8.0,0,6.0,54.0,4.0,1,1,1.0,7.0,0.0,0.0,0.0,0.0,0,0,512.0,1.0,62290
2.0,0.0,15,141,8.0,8.0,0,4.0,50.0,3.0,0,0,1.0,7.0,0.0,0.0,0.0,0.0,0,0,512.0,1.0,30990
2.0,0.0,15,141,8.0,8.0,0,8.0,40.0,3.0,0,0,1.0,12.0,5.0,3.0,0.0,0.0,0,0,256.0,1.0,30990
15.0,1.0,15,157,8.0,8.0,0,4.0,50.0,3.0,0,0,1.0,7.0,0.0,0.0,0.0,0.0,0,0,512.0,1.0,33990
10.0,1.0,14,157,8.0,8.0,0,4.0,43.0,3.0,0,1,1.0,11.0,6.0,3.0,0.0,0.0,0,0,512.0,1.0,58990
19.0,1.0,14,216,16.0,32.0,0,8.0,68.1,4.0,1,1,2.0,7.0,2.0,4.0,8.0,14.0,0,1,1024.0,1.0,199990
16.0,2.0,15,140,12.0,16.0,0,6.0,53.5,3.0,0,1,1.0,7.0,0.0,4.0,4.0,7.0,0,0,512.0,1.0,62990
16.0,2.0,15,140,12.0,16.0,0,6.0,53.5,3.0,0,1,1.0,7.0,0.0,4.0,6.0,9.0,0,0,512.0,1.0,74990
16.0,2.0,15,140,16.0,16.0,0,8.0,53.5,3.0,0,1,1.0,7.0,0.0,4.0,6.0,9.0,0,0,512.0,1.0,93490
16.0,2.0,15,140,12.0,8.0,0,6.0,53.5,3.0,0,1,1.0,7.0,0.0,4.0,4.0,7.0,0,0,512.0,1.0,59990
16.0,2.0,17,141,16.0,16.0,0,8.0,53.5,3.0,0,1,1.0,7.0,0.0,4.0,8.0,14.0,0,0,1024.0,1.0,109990
16.0,2.0,15,141,16.0,16.0,0,8.0,53.5,3.0,0,1,1.0,7.0,0.0,4.0,8.0,14.0,0,0,1024.0,1.0,109990
16.0,0.0,15,141,12.0,8.0,0,6.0,50.0,3.0,0,1,1.0,12.0,6.0,4.0,4.0,7.0,0,0,512.0,1.0,49990
16.0,0.0,15,141,16.0,16.0,0,8.0,50.0,3.0,0,1,1.0,11.0,7.0,4.0,4.0,7.0,0,0,512.0,1.0,61990
4.0,0.0,15,141,12.0,8.0,0,10.0,50.0,3.0,0,1,1.0,12.0,6.0,3.0,0.0,0.0,0,0,512.0,1.0,50749
16.0,2.0,15,141,16.0,16.0,0,8.0,53.5,3.0,0,1,1.0,7.0,0.0,4.0,6.0,13.0,0,0,1024.0,1.0,100990
16.0,2.0,17,141,16.0,16.0,0,8.0,53.5,3.0,0,1,1.0,7.0,0.0,4.0,6.0,13.0,0,0,1024.0,1.0,100990
16.0,2.0,15,141,12.0,16.0,0,6.0,53.5,3.0,0,1,1.0,7.0,0.0,4.0,6.0,13.0,0,0,512.0,1.0,84990
10.0,0.0,14,112,12.0,16.0,0,10.0,41.0,3.0,0,1,1.0,12.0,6.0,3.0,0.0,0.0,0,0,512.0,1.0,65990
7.0,1.0,16,138,16.0,16.0,0,12.0,54.0,4.0,0,1,1.0,12.0,6.0,4.0,2.0,6.0,0,0,512.0,1.0,80990
10.0,1.0,15,141,16.0,16.0,0,12.0,50.0,3.0,0,1,1.0,13.0,6.0,3.0,0.0,0.0,0,0,512.0,1.0,72999
15.0,1.0,14,157,16.0,16.0,0,12.0,52.5,3.0,1,1,2.0,12.0,7.0,3.0,0.0,0.0,1,0,512.0,1.0,110990
16.0,0.0,14,157,12.0,8.0,0,10.0,50.0,3.0,0,1,1.0,12.0,7.0,3.0,0.0,0.0,0,0,512.0,1.0,60990
16.0,0.0,14,157,12.0,16.0,0,10.0,50.0,3.0,0,1,1.0,12.0,7.0,3.0,0.0,0.0,0,0,512.0,1.0,53990
16.0,1.0,13,170,16.0,8.0,0,12.0,75.0,4.0,0,1,2.0,12.0,6.0,3.0,0.0,0.0,0,0,512.0,1.0,82990
16.0,0.0,15,141,12.0,16.0,0,6.0,52.4,3.0,1,1,1.0,11.0,6.0,4.0,4.0,9.0,0,0,512.0,1.0,68490
16.0,0.0,15,141,12.0,8.0,0,6.0,52.4,3.0,1,1,1.0,11.0,6.0,4.0,4.0,9.0,0,0,512.0,1.0,52990
7.0,0.0,17,266,20.0,32.0,1,14.0,97.0,6.0,1,1,4.0,13.0,7.0,4.0,8.0,14.0,0,0,1024.0,1.0,303490
7.0,1.0,13,164,16.0,32.0,1,12.0,55.0,3.0,0,1,2.0,13.0,7.0,3.0,0.0,0.0,1,0,1024.0,1.0,201990
7.0,1.0,15,290,20.0,32.0,1,14.0,86.0,6.0,1,1,3.0,13.0,7.0,4.0,6.0,13.0,0,0,1024.0,1.0,279490
15.0,2.0,16,189,32.0,32.0,0,24.0,99.9,4.0,1,1,2.0,13.0,8.0,4.0,12.0,16.0,0,1,1024.0,1.0,286200
15.0,2.0,16,189,16.0,16.0,0,8.0,80.0,4.0,1,1,2.0,7.0,1.0,4.0,8.0,14.0,0,1,1024.0,1.0,169175
15.0,2.0,16,141,16.0,16.0,0,12.0,99.9,4.0,1,1,2.0,13.0,6.0,4.0,8.0,14.0,0,1,1024.0,1.0,157544
15.0,0.0,14,157,12.0,8.0,0,10.0,45.0,3.0,0,1,1.0,12.0,6.0,3.0,0.0,0.0,1,0,512.0,1.0,75999
15.0,0.0,14,157,12.0,16.0,0,10.0,45.0,4.0,0,1,1.0,12.0,7.0,3.0,0.0,0.0,1,0,512.0,1.0,133000
14.0,1.0,16,189,16.0,8.0,1,12.0,80.0,2.0,1,1,2.0,13.0,6.0,3.0,0.0,0.0,0,0,256.0,1.0,205000
14.0,1.0,16,189,16.0,16.0,0,12.0,90.0,2.0,1,1,2.0,13.0,7.0,4.0,4.0,9.0,0,0,1024.0,1.0,142990
14.0,1.0,17,147,16.0,16.0,0,12.0,90.0,2.0,1,1,2.0,13.0,7.0,4.0,4.0,9.0,0,0,1024.0,1.0,146990
14.0,1.0,16,142,16.0,16.0,1,8.0,72.0,3.0,0,1,1.0,7.0,0.0,0.0,0.0,0.0,0,0,512.0,1.0,89799
1.0,1.0,15,141,2.0,4.0,0,2.0,18.5,2.0,0,0,0.0,7.0,2.0,3.0,0.0,0.0,0,0,256.0,1.0,15990
16.0,0.0,14,157,16.0,16.0,0,8.0,39.3,3.0,0,1,1.0,7.0,0.0,0.0,0.0,0.0,0,0,512.0,1.0,59990
7.0,0.0,15,141,12.0,8.0,0,6.0,41.0,3.0,0,0,1.0,5.0,1.0,0.0,0.0,0.0,0,0,512.0,1.0,40890
16.0,0.0,14,157,8.0,16.0,0,6.0,50.0,3.0,0,1,1.0,12.0,5.0,3.0,0.0,0.0,0,0,512.0,1.0,37990
4.0,0.0,14,162,12.0,16.0,0,8.0,50.0,3.0,0,1,1.0,12.0,6.0,4.0,4.0,7.0,0,0,512.0,1.0,63990
15.0,0.0,15,141,12.0,8.0,0,6.0,38.0,2.0,0,0,1.0,5.0,1.0,0.0,0.0,0.0,0,0,512.0,1.0,35990
15.0,0.0,15,141,12.0,8.0,0,6.0,45.0,3.0,0,0,0.0,5.0,1.0,0.0,0.0,0.0,0,0,512.0,1.0,41490
4.0,0.0,15,141,12.0,8.0,0,6.0,50.0,3.0,1,1,1.0,5.0,1.0,4.0,4.0,7.0,0,0,512.0,0.0,53990
4.0,0.0,15,141,16.0,16.0,0,8.0,50.0,3.0,1,1,1.0,5.0,1.0,4.0,4.0,7.0,0,0,512.0,1.0,64990
10.0,2.0,16,137,12.0,8.0,0,6.0,70.0,4.0,0,1,1.0,11.0,6.0,4.0,4.0,1.0,0,1,512.0,1.0,59990
2.0,0.0,15,141,12.0,16.0,0,8.0,50.0,3.0,0,1,1.0,12.0,6.0,4.0,4.0,1.0,0,0,512.0,0.0,51990
4.0,0.0,14,157,4.0,8.0,0,2.0,37.0,2.0,0,0,1.0,11.0,5.0,3.0,0.0,0.0,0,0,512.0,1.0,37990
15.0,0.0,15,147,8.0,8.0,0,4.0,38.0,2.0,0,0,1.0,7.0,0.0,0.0,0.0,0.0,0,0,512.0,1.0,31499
4.0,0.0,15,141,4.0,8.0,0,2.0,37.0,2.0,0,1,1.0,11.0,5.0,3.0,0.0,0.0,0,0,512.0,2.0,35990
4.0,1.0,15,212,16.0,16.0,0,12.0,72.0,4.0,1,1,1.0,13.0,6.0,3.0,0.0,0.0,0,0,1024.0,1.0,94990
7.0,1.0,14,216,16.0,16.0,0,10.0,80.5,6.0,1,1,3.0,13.0,7.0,4.0,6.0,13.0,0,1,1024.0,1.0,208990
15.0,1.0,15,141,8.0,8.0,0,6.0,38.0,2.0,0,0,1.0,12.0,5.0,3.0,0.0,0.0,0,0,512.0,1.0,36990
15.0,2.0,14,157,8.0,16.0,0,4.0,45.0,3.0,1,1,1.0,11.0,6.0,3.0,0.0,0.0,0,0,512.0,1.0,74000
15.0,0.0,15,147,8.0,8.0,0,4.0,38.0,2.0,0,0,1.0,7.0,0.0,0.0,0.0,0.0,0,0,512.0,0.0,31990
15.0,0.0,15,141,12.0,8.0,0,10.0,38.0,2.0,0,0,1.0,12.0,6.0,3.0,0.0,0.0,0,0,512.0,1.0,51999
15.0,0.0,14,157,12.0,8.0,0,10.0,38.0,2.0,0,0,1.0,12.0,6.0,3.0,0.0,0.0,0,0,512.0,1.0,49990
15.0,1.0,14,157,8.0,8.0,0,6.0,38.0,2.0,0,0,1.0,12.0,5.0,3.0,0.0,0.0,0,0,512.0,1.0,36490
2.0,2.0,15,141,12.0,8.0,0,8.0,50.0,3.0,0,1,1.0,12.0,6.0,4.0,4.0,0.0,0,0,512.0,1.0,57990
15.0,0.0,15,141,4.0,8.0,0,2.0,45.0,2.0,0,1,1.0,11.0,5.0,3.0,0.0,0.0,0,0,256.0,1.0,35990
15.0,0.0,15,157,8.0,16.0,0,4.0,45.0,3.0,0,1,1.0,11.0,7.0,3.0,0.0,0.0,0,0,512.0,1.0,61601
7.0,0.0,15,141,12.0,8.0,0,10.0,41.0,3.0,0,1,1.0,13.0,6.0,3.0,0.0,0.0,0,0,512.0,1.0,67990
15.0,0.0,15,141,16.0,16.0,0,8.0,45.0,3.0,0,0,0.0,5.0,1.0,0.0,0.0,0.0,0,0,512.0,1.0,59990
2.0,0.0,15,141,8.0,8.0,0,4.0,36.0,3.0,0,0,1.0,11.0,6.0,3.0,0.0,0.0,0,0,512.0,1.0,44990
9.0,1.0,14,243,20.0,16.0,0,14.0,63.0,2.0,1,1,2.0,13.0,7.0,4.0,6.0,13.0,0,0,1024.0,1.0,164990
7.0,2.0,15,141,20.0,32.0,0,14.0,87.0,6.0,1,1,1.0,12.0,8.0,4.0,8.0,11.0,0,0,1024.0,1.0,304990
7.0,0.0,15,141,4.0,8.0,0,2.0,72.0,4.0,0,0,0.0,11.0,5.0,3.0,0.0,0.0,0,0,512.0,1.0,36490
10.0,0.0,15,141,8.0,8.0,0,6.0,50.0,3.0,0,0,1.0,12.0,5.0,3.0,0.0,0.0,0,0,1024.0,1.0,44090
15.0,0.0,15,141,8.0,8.0,0,4.0,47.0,3.0,0,1,1.0,7.0,1.0,0.0,0.0,0.0,0,0,512.0,1.0,41990
14.0,1.0,16,189,16.0,16.0,0,12.0,80.0,2.0,1,1,2.0,13.0,7.0,3.0,0.0,0.0,0,0,512.0,1.0,124199
15.0,2.0,15,141,8.0,16.0,0,4.0,50.0,3.0,0,1,1.0,11.0,6.0,4.0,4.0,1.0,0,1,512.0,1.0,59990
15.0,1.0,14,157,12.0,16.0,1,10.0,52.5,2.0,1,1,1.0,12.0,7.0,3.0,0.0,0.0,0,0,512.0,1.0,82990
15.0,0.0,15,157,12.0,8.0,0,10.0,45.0,3.0,1,1,1.0,12.0,6.0,3.0,0.0,0.0,1,0,512.0,1.0,65990
13.0,1.0,15,141,20.0,16.0,0,14.0,70.0,3.0,0,1,0.0,13.0,7.0,3.0,0.0,0.0,0,0,512.0,1.0,66990
16.0,0.0,15,141,12.0,16.0,0,6.0,52.4,3.0,1,1,1.0,11.0,6.0,4.0,4.0,7.0,0,0,512.0,1.0,53990
10.0,0.0,15,100,8.0,8.0,0,6.0,41.0,3.0,0,0,1.0,12.0,5.0,0.0,0.0,0.0,0,0,512.0,1.0,56600
14.0,1.0,14,162,16.0,8.0,1,12.0,72.0,2.0,1,1,2.0,13.0,6.0,3.0,0.0,0.0,0,0,512.0,1.0,127000
7.0,0.0,14,157,8.0,8.0,0,4.0,38.0,2.0,0,0,2.0,11.0,6.0,3.0,0.0,0.0,0,0,512.0,1.0,80990
15.0,0.0,14,141,12.0,8.0,0,10.0,45.0,3.0,1,1,1.0,12.0,6.0,3.0,0.0,0.0,0,0,512.0,1.0,52990
15.0,1.0,15,141,8.0,16.0,0,4.0,50.0,3.0,0,1,1.0,13.0,7.0,4.0,2.0,4.0,0,0,512.0,1.0,73889
10.0,2.0,16,137,12.0,8.0,0,6.0,70.0,4.0,0,1,1.0,11.0,6.0,4.0,4.0,1.0,0,1,512.0,1.0,67999
7.0,2.0,16,141,16.0,32.0,0,14.0,86.0,6.0,0,1,1.0,13.0,7.0,4.0,8.0,14.0,0,1,1024.0,1.0,173990
7.0,2.0,16,141,16.0,16.0,0,14.0,86.0,6.0,0,1,1.0,13.0,7.0,4.0,8.0,14.0,0,1,1024.0,1.0,163790
10.0,1.0,14,112,4.0,8.0,0,4.0,50.0,3.0,0,0,1.0,7.0,2.0,3.0,0.0,0.0,0,0,512.0,1.0,29490
15.0,0.0,15,141,4.0,8.0,0,2.0,45.0,3.0,0,0,1.0,11.0,5.0,3.0,0.0,0.0,0,0,512.0,1.0,38889
2.0,0.0,15,141,8.0,8.0,0,6.0,45.0,3.0,0,0,0.0,12.0,5.0,3.0,0.0,0.0,0,0,512.0,1.0,34990
7.0,2.0,14,162,12.0,8.0,1,10.0,54.0,3.0,1,1,1.0,13.0,6.0,3.0,0.0,0.0,0,0,512.0,1.0,76490
13.0,1.0,14,157,8.0,16.0,0,4.0,50.0,2.0,0,1,2.0,11.0,7.0,3.0,0.0,0.0,0,0,512.0,1.0,48990
7.0,0.0,15,141,12.0,16.0,0,10.0,41.0,3.0,1,1,0.0,12.0,6.0,3.0,0.0,0.0,0,0,512.0,1.0,66499
7.0,2.0,14,141,12.0,16.0,0,10.0,54.0,4.0,0,1,1.0,13.0,6.0,3.0,0.0,0.0,0,0,512.0,1.0,72450
7.0,2.0,14,141,12.0,16.0,0,10.0,54.0,4.0,0,1,1.0,13.0,7.0,3.0,0.0,0.0,0,0,512.0,1.0,81989
10.0,2.0,15,141,16.0,16.0,0,8.0,72.0,4.0,0,1,1.0,5.0,1.0,4.0,4.0,9.0,0,0,512.0,1.0,76990
4.0,0.0,15,141,2.0,8.0,0,2.0,42.0,3.0,0,1,1.0,7.0,2.0,3.0,0.0,0.0,0,0,256.0,0.0,26990
7.0,0.0,15,141,12.0,8.0,0,10.0,41.0,3.0,0,1,0.0,13.0,6.0,3.0,0.0,0.0,0,0,512.0,1.0,63990
10.0,0.0,14,157,16.0,8.0,0,8.0,45.0,3.0,0,1,1.0,5.0,1.0,0.0,0.0,0.0,1,0,512.0,1.0,47990
16.0,0.0,17,178,20.0,32.0,0,14.0,90.0,3.0,1,1,2.0,13.0,8.0,4.0,8.0,15.0,0,0,1024.0,1.0,247999
7.0,0.0,16,142,12.0,8.0,1,10.0,86.0,6.0,1,1,2.0,13.0,6.0,3.0,0.0,0.0,0,0,512.0,1.0,93990
7.0,0.0,15,141,4.0,8.0,0,2.0,41.0,3.0,0,0,0.0,11.0,5.0,3.0,0.0,0.0,0,0,512.0,1.0,43750
10.0,2.0,15,141,12.0,8.0,0,6.0,72.0,4.0,0,1,1.0,5.0,1.0,0.0,4.0,18.0,0,0,512.0,0.0,54990
10.0,1.0,15,141,12.0,16.0,0,10.0,41.0,3.0,0,1,1.0,12.0,1.0,3.0,0.0,0.0,0,0,512.0,1.0,68990
15.0,1.0,14,157,8.0,8.0,0,6.0,38.0,2.0,0,0,1.0,12.0,5.0,3.0,0.0,0.0,0,0,512.0,1.0,35418
16.0,2.0,15,141,16.0,16.0,0,10.0,53.5,3.0,0,1,1.0,12.0,7.0,4.0,6.0,9.0,0,0,1024.0,1.0,89990
16.0,2.0,15,141,12.0,16.0,0,8.0,53.5,3.0,0,1,1.0,12.0,6.0,4.0,6.0,9.0,0,0,1024.0,1.0,79990
16.0,2.0,15,141,16.0,8.0,0,10.0,53.5,3.0,0,1,1.0,12.0,7.0,4.0,6.0,9.0,0,0,512.0,1.0,85990
10.0,1.0,15,112,2.0,8.0,0,2.0,41.0,3.0,0,0,1.0,5.0,1.0,3.0,0.0,0.0,0,0,512.0,1.0,28990
2.0,2.0,15,141,12.0,8.0,0,8.0,50.0,3.0,1,1,1.0,12.0,6.0,4.0,4.0,1.0,0,1,512.0,0.0,48990
2.0,0.0,14,112,8.0,8.0,0,4.0,50.0,3.0,0,0,1.0,3.0,0.0,0.0,0.0,0.0,0,0,512.0,1.0,28990
2.0,0.0,14,112,4.0,8.0,0,2.0,36.0,3.0,0,0,1.0,3.0,0.0,0.0,0.0,0.0,0,0,512.0,0.0,24990
2.0,1.0,16,283,16.0,16.0,0,8.0,38.0,2.0,0,1,2.0,7.0,2.0,0.0,0.0,0.0,0,0,1024.0,1.0,107399
7.0,2.0,15,141,16.0,16.0,0,14.0,86.0,6.0,0,1,1.0,13.0,7.0,4.0,8.0,14.0,0,1,512.0,1.0,149490
7.0,2.0,15,141,16.0,16.0,0,14.0,56.0,3.0,0,1,1.0,13.0,7.0,4.0,6.0,9.0,0,1,512.0,1.0,115490
7.0,2.0,15,141,16.0,16.0,0,14.0,86.0,6.0,0,1,1.0,13.0,7.0,4.0,6.0,13.0,0,1,512.0,1.0,117990
7.0,2.0,15,141,16.0,8.0,0,10.0,56.0,3.0,0,1,1.0,13.0,6.0,4.0,6.0,9.0,0,1,512.0,1.0,88480
2.0,1.0,14,157,12.0,16.0,0,10.0,50.0,3.0,1,1,1.0,13.0,6.0,3.0,0.0,0.0,0,0,512.0,1.0,62990
2.0,0.0,15,141,12.0,16.0,0,10.0,50.0,3.0,0,1,1.0,13.0,6.0,3.0,0.0,0.0,0,0,512.0,1.0,58990
2.0,1.0,14,157,8.0,16.0,0,6.0,50.0,3.0,1,1,1.0,13.0,5.0,3.0,0.0,0.0,0,0,512.0,1.0,49990
4.0,2.0,15,141,16.0,16.0,0,8.0,90.0,6.0,1,1,2.0,6.0,2.0,4.0,6.0,10.0,0,1,1024.0,1.0,110000
4.0,2.0,15,141,20.0,16.0,0,14.0,90.0,4.0,1,1,2.0,13.0,7.0,4.0,6.0,13.0,0,0,512.0,1.0,129990
4.0,0.0,14,216,16.0,32.0,0,8.0,76.0,4.0,1,1,2.0,7.0,2.0,4.0,8.0,14.0,0,1,1024.0,1.0,197990
2.0,1.0,14,157,12.0,8.0,0,10.0,50.0,3.0,1,1,1.0,13.0,6.0,4.0,4.0,7.0,0,0,512.0,1.0,59990
2.0,1.0,14,157,12.0,16.0,0,10.0,50.0,3.0,1,1,1.0,13.0,6.0,4.0,4.0,7.0,0,0,512.0,1.0,61999
4.0,2.0,17,170,32.0,16.0,0,16.0,90.0,4.0,1,1,2.0,7.0,1.0,4.0,8.0,15.0,0,1,1024.0,1.0,225960
4.0,2.0,15,141,20.0,16.0,0,14.0,90.0,4.0,1,1,2.0,13.0,7.0,4.0,6.0,13.0,0,0,1024.0,1.0,133990
4.0,0.0,14,216,16.0,32.0,0,8.0,76.0,4.0,1,1,2.0,7.0,2.0,4.0,12.0,16.0,0,1,1024.0,1.0,266990
4.0,2.0,16,142,16.0,16.0,0,10.0,72.0,4.0,1,1,2.0,13.0,6.0,4.0,6.0,13.0,0,1,1024.0,1.0,143690
4.0,2.0,17,127,16.0,16.0,0,8.0,90.0,4.0,0,1,2.0,7.0,2.0,4.0,6.0,13.0,0,1,1024.0,1.0,134990
0.0,2.0,15,145,16.0,16.0,0,8.0,90.0,4.0,1,1,2.0,7.0,2.0,0.0,8.0,20.0,0,0,1024.0,1.0,139990
4.0,1.0,13,225,16.0,16.0,1,8.0,75.0,4.0,1,1,2.0,7.0,2.0,4.0,6.0,13.0,0,1,1024.0,1.0,175900
4.0,0.0,14,216,16.0,16.0,0,8.0,76.0,4.0,1,1,2.0,7.0,0.0,4.0,6.0,13.0,0,1,1024.0,1.0,149990
4.0,1.0,13,225,20.0,16.0,1,14.0,56.0,4.0,1,1,1.0,13.0,8.0,4.0,8.0,14.0,0,1,1024.0,1.0,209990
15.0,0.0,15,141,12.0,8.0,0,10.0,45.0,3.0,1,1,1.0,12.0,6.0,3.0,0.0,0.0,0,0,512.0,1.0,54990
4.0,1.0,15,141,12.0,16.0,0,6.0,63.0,3.0,0,1,1.0,7.0,0.0,3.0,0.0,0.0,0,0,512.0,1.0,63890
4.0,2.0,16,189,20.0,16.0,0,14.0,90.0,4.0,1,1,2.0,13.0,8.0,4.0,8.0,14.0,0,1,1024.0,1.0,179990
4.0,2.0,16,189,20.0,16.0,0,14.0,72.0,4.0,1,1,2.0,13.0,8.0,4.0,6.0,13.0,0,1,1024.0,1.0,169990
7.0,2.0,15,141,16.0,8.0,0,12.0,56.0,3.0,0,1,1.0,12.0,6.0,4.0,4.0,9.0,0,1,512.0,1.0,70490
4.0,0.0,15,141,8.0,8.0,0,6.0,50.0,3.0,0,1,1.0,12.0,5.0,3.0,0.0,0.0,0,0,512.0,1.0,40810
4.0,0.0,15,141,16.0,16.0,0,12.0,70.0,3.0,1,1,2.0,13.0,6.0,4.0,6.0,13.0,0,0,512.0,1.0,122990
7.0,2.0,16,216,24.0,16.0,0,16.0,86.0,6.0,1,1,2.0,13.0,7.0,4.0,8.0,14.0,0,1,1024.0,1.0,220490
12.0,1.0,16,189,16.0,16.0,1,12.0,84.0,4.0,1,1,2.0,13.0,6.0,3.0,0.0,0.0,1,0,512.0,1.0,185990
12.0,1.0,14,264,16.0,16.0,1,12.0,60.0,2.0,1,1,2.0,13.0,7.0,3.0,0.0,0.0,0,0,1024.0,1.0,184990
10.0,0.0,15,141,12.0,16.0,0,10.0,41.0,3.0,0,1,1.0,13.0,6.0,3.0,0.0,0.0,0,0,512.0,1.0,66990
16.0,2.0,15,141,12.0,8.0,0,8.0,53.5,3.0,0,1,1.0,12.0,6.0,4.0,6.0,9.0,0,0,512.0,1.0,72990
16.0,0.0,15,141,12.0,16.0,0,8.0,50.0,3.0,0,1,1.0,12.0,6.0,4.0,6.0,13.0,0,0,512.0,1.0,77990
10.0,1.0,15,141,4.0,8.0,0,2.0,41.0,3.0,0,0,1.0,3.0,0.0,0.0,0.0,0.0,0,0,512.0,2.0,34990
10.0,0.0,14,112,2.0,8.0,0,2.0,41.0,3.0,0,0,1.0,3.0,0.0,0.0,0.0,0.0,0,0,256.0,1.0,18990
4.0,1.0,15,212,20.0,16.0,0,14.0,72.0,4.0,1,1,1.0,13.0,7.0,3.0,0.0,0.0,0,0,512.0,1.0,105990
10.0,0.0,15,141,12.0,8.0,0,10.0,41.0,3.0,0,0,1.0,13.0,6.0,3.0,0.0,0.0,0,0,512.0,1.0,64999
4.0,0.0,15,141,12.0,8.0,0,10.0,50.0,3.0,0,1,1.0,13.0,6.0,3.0,0.0,0.0,0,0,512.0,1.0,59990
7.0,2.0,15,141,16.0,16.0,0,8.0,86.0,6.0,0,1,1.0,6.0,2.0,4.0,6.0,10.0,0,1,1024.0,1.0,132199
2.0,1.0,14,157,12.0,16.0,0,6.0,50.0,3.0,0,1,2.0,7.0,0.0,0.0,0.0,0.0,0,0,512.0,1.0,54990
16.0,0.0,16,194,20.0,32.0,0,14.0,99.9,4.0,0,1,2.0,13.0,7.0,4.0,8.0,15.0,0,0,1024.0,1.0,234990
10.0,0.0,15,141,16.0,16.0,0,12.0,41.0,3.0,0,1,1.0,13.0,7.0,3.0,0.0,0.0,0,0,512.0,1.0,77490
10.0,0.0,15,141,12.0,8.0,0,10.0,41.0,3.0,0,1,1.0,12.0,6.0,3.0,0.0,0.0,0,0,512.0,0.0,54990
4.0,0.0,15,141,4.0,16.0,0,2.0,38.0,2.0,0,1,1.0,11.0,5.0,3.0,0.0,0.0,0,0,512.0,2.0,42990
15.0,2.0,15,141,16.0,8.0,0,8.0,86.0,6.0,0,1,1.0,5.0,1.0,4.0,4.0,9.0,0,1,512.0,1.0,67990
15.0,2.0,15,141,16.0,16.0,0,8.0,45.0,6.0,0,1,0.0,5.0,1.0,4.0,4.0,9.0,0,1,512.0,0.0,73990
7.0,2.0,18,204,20.0,32.0,0,14.0,97.0,6.0,1,1,2.0,13.0,8.0,4.0,12.0,16.0,0,1,1024.0,1.0,367590
7.0,2.0,16,229,20.0,32.0,0,14.0,90.0,6.0,1,1,1.0,13.0,8.0,4.0,12.0,16.0,0,1,1024.0,1.0,379990
15.0,1.0,14,157,8.0,16.0,0,4.0,50.0,3.0,1,1,2.0,11.0,7.0,4.0,4.0,21.0,1,0,512.0,1.0,119990
10.0,0.0,15,141,8.0,8.0,0,6.0,50.0,3.0,0,0,1.0,12.0,5.0,3.0,0.0,0.0,0,0,512.0,0.0,40990
2.0,0.0,11,135,2.0,8.0,0,2.0,42.0,2.0,0,0,1.0,5.0,1.0,3.0,0.0,0.0,0,0,256.0,1.0,23490
10.0,0.0,15,141,12.0,8.0,0,10.0,41.0,3.0,0,0,1.0,13.0,6.0,3.0,0.0,0.0,0,0,512.0,1.0,62990
10.0,0.0,15,141,8.0,8.0,0,6.0,41.0,3.0,0,0,1.0,13.0,5.0,3.0,0.0,0.0,0,0,512.0,0.0,47490
10.0,0.0,14,112,8.0,8.0,0,4.0,45.0,3.0,1,1,1.0,11.0,6.0,3.0,0.0,0.0,1,0,512.0,1.0,76990
10.0,0.0,15,141,12.0,8.0,0,10.0,41.0,3.0,0,0,1.0,13.0,6.0,3.0,0.0,0.0,0,0,1024.0,1.0,67990
10.0,0.0,15,141,8.0,8.0,0,6.0,41.0,3.0,0,0,1.0,13.0,5.0,3.0,0.0,0.0,0,0,512.0,0.0,47490
16.0,0.0,15,141,12.0,16.0,0,8.0,51.0,3.0,0,1,1.0,12.0,6.0,4.0,8.0,14.0,0,0,512.0,1.0,87990
4.0,0.0,15,100,2.0,8.0,0,2.0,37.0,2.0,0,0,1.0,7.0,2.0,3.0,0.0,0.0,0,0,512.0,0.0,28990
2.0,2.0,15,188,12.0,16.0,0,6.0,57.0,4.0,0,1,1.0,6.0,1.0,4.0,4.0,9.0,0,0,1024.0,1.0,88990
2.0,1.0,15,141,8.0,8.0,0,4.0,48.0,3.0,0,0,1.0,11.0,6.0,4.0,2.0,4.0,0,0,512.0,1.0,44990
4.0,0.0,14,157,4.0,8.0,0,2.0,37.0,2.0,0,0,1.0,11.0,5.0,3.0,0.0,0.0,0,0,512.0,1.0,36990
4.0,1.0,15,141,8.0,16.0,0,4.0,50.0,3.0,0,1,1.0,7.0,1.0,0.0,0.0,0.0,0,0,512.0,1.0,49990
4.0,1.0,14,243,16.0,16.0,1,12.0,75.0,3.0,1,1,2.0,13.0,7.0,3.0,0.0,0.0,0,0,512.0,1.0,124990
4.0,0.0,16,142,12.0,16.0,0,10.0,42.0,3.0,0,1,1.0,13.0,6.0,3.0,0.0,0.0,0,0,512.0,1.0,62990
4.0,1.0,14,243,16.0,16.0,0,12.0,75.0,2.0,0,1,2.0,13.0,7.0,3.0,0.0,0.0,0,0,512.0,1.0,115990
4.0,1.0,14,243,16.0,16.0,1,12.0,75.0,2.0,0,1,2.0,13.0,6.0,3.0,0.0,0.0,0,0,512.0,1.0,94990
4.0,0.0,14,162,12.0,16.0,1,10.0,50.0,3.0,0,1,1.0,13.0,6.0,3.0,0.0,0.0,0,0,512.0,1.0,77990
10.0,0.0,14,157,12.0,16.0,0,10.0,51.0,3.0,1,1,1.0,12.0,6.0,3.0,0.0,0.0,1,0,512.0,1.0,89999
10.0,2.0,16,182,16.0,16.0,0,8.0,83.0,6.0,0,1,2.0,6.0,2.0,4.0,8.0,11.0,0,1,1024.0,1.0,125990
16.0,0.0,15,141,12.0,16.0,0,6.0,50.0,3.0,0,1,1.0,11.0,6.0,4.0,4.0,9.0,0,0,512.0,0.0,54990
4.0,0.0,15,141,12.0,8.0,0,10.0,50.0,3.0,0,1,1.0,13.0,6.0,3.0,0.0,0.0,0,0,512.0,1.0,58990
16.0,0.0,15,141,12.0,16.0,0,8.0,50.0,3.0,0,1,1.0,12.0,6.0,4.0,4.0,7.0,0,0,512.0,1.0,60990
16.0,2.0,16,189,20.0,32.0,0,24.0,99.0,4.0,1,1,3.0,13.0,8.0,4.0,8.0,15.0,0,0,2048.0,1.0,314490
16.0,0.0,15,141,12.0,16.0,0,6.0,50.0,3.0,0,1,1.0,11.0,6.0,4.0,4.0,9.0,0,0,512.0,0.0,56990
4.0,1.0,14,157,8.0,8.0,0,8.0,42.0,3.0,0,0,1.0,12.0,5.0,3.0,0.0,0.0,0,0,512.0,1.0,36990
16.0,0.0,15,141,12.0,8.0,0,8.0,50.0,3.0,0,1,1.0,12.0,6.0,4.0,4.0,7.0,0,0,512.0,1.0,59990
16.0,2.0,15,141,12.0,16.0,0,8.0,53.5,3.0,0,1,1.0,12.0,6.0,4.0,4.0,9.0,0,0,512.0,1.0,72990
2.0,2.0,16,141,24.0,32.0,0,16.0,90.0,4.0,1,1,2.0,13.0,7.0,4.0,8.0,15.0,0,1,1024.0,1.0,194990
15.0,1.0,14,157,16.0,16.0,0,12.0,52.5,4.0,1,1,2.0,12.0,7.0,4.0,4.0,22.0,1,0,512.0,1.0,133990
16.0,2.0,15,141,16.0,16.0,0,10.0,53.5,3.0,0,1,1.0,12.0,7.0,4.0,4.0,9.0,0,0,512.0,1.0,88990
15.0,2.0,15,141,20.0,32.0,0,14.0,86.0,6.0,0,0,1.0,12.0,7.0,4.0,4.0,23.0,0,0,1024.0,1.0,160990
16.0,2.0,15,141,12.0,8.0,0,8.0,53.5,3.0,0,1,1.0,12.0,6.0,4.0,4.0,9.0,0,1,512.0,1.0,71990
16.0,0.0,15,141,12.0,8.0,0,6.0,50.0,3.0,0,1,1.0,11.0,6.0,4.0,4.0,9.0,0,0,512.0,0.0,55990
4.0,0.0,15,141,16.0,16.0,0,12.0,50.0,3.0,0,1,1.0,13.0,6.0,3.0,0.0,0.0,0,0,1024.0,1.0,77390
16.0,2.0,16,189,24.0,32.0,0,16.0,99.0,4.0,1,1,3.0,13.0,7.0,4.0,8.0,15.0,0,0,2048.0,1.0,272900
4.0,0.0,15,141,12.0,16.0,0,10.0,50.0,3.0,0,1,1.0,13.0,6.0,3.0,0.0,0.0,0,0,512.0,1.0,62390
21.0,1.0,15,157,12.0,16.0,0,10.0,54.0,3.0,0,1,2.0,13.0,6.0,3.0,0.0,0.0,1,0,512.0,1.0,79990
16.0,2.0,15,141,20.0,16.0,0,14.0,90.0,4.0,0,1,1.0,13.0,7.0,4.0,8.0,14.0,0,0,1024.0,1.0,130990
4.0,1.0,14,243,16.0,16.0,1,12.0,75.0,3.0,1,1,2.0,13.0,7.0,3.0,0.0,0.0,0,0,1024.0,1.0,134990
4.0,1.0,14,243,16.0,16.0,1,12.0,75.0,3.0,1,1,2.0,13.0,6.0,3.0,0.0,0.0,0,0,512.0,1.0,104990
4.0,0.0,15,141,16.0,16.0,0,12.0,50.0,3.0,0,1,1.0,13.0,6.0,3.0,0.0,0.0,0,0,512.0,1.0,70680
4.0,1.0,15,141,8.0,8.0,0,8.0,50.0,2.0,0,1,1.0,12.0,5.0,3.0,0.0,0.0,0,0,512.0,1.0,45250
4.0,1.0,13,255,12.0,16.0,0,10.0,63.0,4.0,1,1,2.0,13.0,7.0,3.0,0.0,0.0,0,0,1024.0,1.0,119900
4.0,0.0,16,142,8.0,8.0,0,6.0,50.0,3.0,0,1,1.0,13.0,5.0,3.0,0.0,0.0,0,0,512.0,1.0,47990
4.0,1.0,15,141,16.0,16.0,0,12.0,70.0,3.0,0,1,1.0,13.0,6.0,3.0,0.0,0.0,0,0,512.0,1.0,82990
4.0,1.0,14,157,12.0,16.0,0,10.0,50.0,3.0,0,0,1.0,13.0,6.0,3.0,0.0,0.0,0,0,512.0,1.0,63990
7.0,2.0,15,141,12.0,8.0,0,6.0,41.0,3.0,0,1,0.0,5.0,1.0,0.0,0.0,0.0,0,0,512.0,1.0,45999
4.0,1.0,14,157,12.0,8.0,0,10.0,50.0,3.0,0,1,1.0,13.0,6.0,3.0,0.0,0.0,0,0,512.0,1.0,59990
4.0,0.0,15,141,16.0,16.0,0,12.0,50.0,3.0,0,1,1.0,13.0,6.0,3.0,0.0,0.0,0,0,512.0,1.0,74990
4.0,1.0,14,157,8.0,8.0,0,6.0,50.0,3.0,0,1,1.0,13.0,5.0,3.0,0.0,0.0,0,0,512.0,1.0,45990
4.0,1.0,13,255,12.0,32.0,0,10.0,63.0,4.0,1,1,2.0,13.0,7.0,3.0,0.0,0.0,0,0,1024.0,1.0,144990
4.0,1.0,14,243,16.0,16.0,0,12.0,75.0,2.0,0,1,2.0,13.0,6.0,3.0,0.0,0.0,0,0,512.0,1.0,92990
4.0,1.0,14,243,16.0,16.0,0,12.0,75.0,2.0,0,1,2.0,13.0,7.0,3.0,0.0,0.0,0,0,512.0,1.0,112990
4.0,1.0,13,255,12.0,16.0,0,10.0,63.0,4.0,1,1,2.0,13.0,6.0,3.0,0.0,0.0,0,0,512.0,1.0,99990
4.0,1.0,14,162,12.0,8.0,1,6.0,50.0,3.0,0,1,1.0,5.0,1.0,0.0,0.0,0.0,0,0,512.0,0.0,58990
